{"features": ["Dst Port", "Protocol", "Flow Duration", "Total Fwd Packet", "Total Bwd packets", "Total Length of Fwd Packet", "Total Length of Bwd Packet", "Fwd Packet Length Max", "Fwd Packet Length Min", "Fwd Packet Length Mean", "Fwd Packet Length Std", "Bwd Packet Length Max", "Bwd Packet Length Min", "Bwd Packet Length Mean", "Bwd Packet Length Std", "Flow Bytes/s", "Flow Packets/s", "Flow IAT Mean", "Flow IAT Std", "Flow IAT Max", "Flow IAT Min", "Fwd IAT Total", "Fwd IAT Mean", "Fwd IAT Std", "Fwd IAT Max", "Fwd IAT Min", "Bwd IAT Total", "Bwd IAT Mean", "Bwd IAT Std", "Bwd IAT Max", "Bwd IAT Min", "Fwd PSH Flags", "Bwd PSH Flags", "Fwd URG Flags", "Bwd URG Flags", "Fwd RST Flags", "Bwd RST Flags", "Fwd Header Length", "Bwd Header Length", "Fwd Packets/s", "Bwd Packets/s", "Packet Length Min", "Packet Length Max", "Packet Length Mean", "Packet Length Std", "Packet Length Variance", "FIN Flag Count", "SYN Flag Count", "RST Flag Count", "PSH Flag Count", "ACK Flag Count", "URG Flag Count", "CWR Flag Count", "ECE Flag Count", "Down/Up Ratio", "Average Packet Size", "Fwd Segment Size Avg", "Bwd Segment Size Avg", "Fwd Bytes/Bulk Avg", "Fwd Packet/Bulk Avg", "Fwd Bulk Rate Avg", "Bwd Bytes/Bulk Avg", "Bwd Packet/Bulk Avg", "Bwd Bulk Rate Avg", "Subflow Fwd Packets", "Subflow Fwd Bytes", "Subflow Bwd Packets", "Subflow Bwd Bytes", "FWD Init Win Bytes", "Bwd Init Win Bytes", "Fwd Act Data Pkts", "Fwd Seg Size Min", "Active Mean", "Active Std", "Active Max", "Active Min", "Idle Mean", "Idle Std", "Idle Max", "Idle Min", "ICMP Code", "ICMP Type", "Total TCP Flow Time"], "matrix": [[1.0, -0.185678, -0.061913, -0.002039, -0.001912, 0.009084, -0.001536, 0.007781, -0.114537, 0.0426, 0.034978, -0.100917, -0.14739, -0.114362, -0.09045, 0.013454, 0.199094, -0.039659, -0.047532, -0.051144, -0.006799, -0.061902, -0.03819, -0.048446, -0.051395, -0.025223, -0.057943, -0.039085, -0.037591, -0.045676, -0.027179, -0.018731, -0.00955, 0.009136, 0.004007, -0.049727, 0.336922, -0.025228, -0.025798, 0.16215, 0.206688, -0.151743, -0.086461, -0.108828, -0.08749, -0.060703, -0.072222, 0.087556, 0.109639, -0.01423, -0.001843, 0.009239, -0.002198, -0.002038, -0.044709, -0.108828, 0.0426, -0.114362, 0.0546, 0.010381, 0.011136, -0.00232, -0.003068, -0.049557, 0.135488, 0.056698, 0.000855, -0.118633, 0.020197, -0.015219, -0.020777, 0.224859, -0.024672, -0.019674, -0.028766, -0.020072, -0.047664, -0.016494, -0.048225, -0.045312, -0.002909, -0.003272, -0.012366], [-0.185678, 1.0, -0.29891, -0.011505, -0.01018, -0.042818, -0.007829, -0.316992, 0.631802, -0.049493, -0.367151, -0.471313, 0.750654, -0.420067, -0.460133, 0.109589, -0.060818, -0.020657, -0.042874, -0.148588, -0.03361, -0.298622, 0.030898, -0.253128, -0.149249, 0.098627, -0.27761, 0.026548, -0.207175, -0.120082, 0.095762, -0.157442, -0.065626, -0.005483, -0.000656, -0.30652, -0.334134, -0.224731, -0.18729, -0.050866, -0.058445, 0.8347, -0.483055, -0.430242, -0.480616, -0.351595, -0.656432, -0.842328, -0.432414, -0.106384, -0.011273, -0.005498, -0.013883, -0.012628, 0.197049, -0.430242, -0.049493, -0.420067, -0.018875, 0.019185, 0.030121, -0.012748, -0.017373, -0.243926, -0.094087, -0.055353, -0.003767, -0.425882, -0.620619, -0.16195, -0.097574, -0.858626, -0.146138, -0.124596, -0.176635, -0.113999, -0.128186, -0.082913, -0.136266, -0.11335, -0.025189, -0.028329, -0.078086], [-0.061913, -0.29891, 1.0, 0.025816, 0.024659, 0.068816, 0.02001, 0.321032, -0.184502, 0.131279, 0.274865, 0.074356, -0.231454, 0.021237, 0.029109, -0.046791, -0.072466, 0.44543, 0.558812, 0.660487, 0.063404, 0.999459, 0.433304, 0.604536, 0.660773, 0.268716, 0.982795, 0.445812, 0.565382, 0.649559, 0.270089, 0.176381, 0.097869, -0.0021, -0.000277, -0.03666, -0.051481, 0.283936, 0.262326, -0.058289, -0.077801, -0.242637, 0.088901, 0.071122, 0.054317, -0.040157, 0.203214, 0.278798, -0.05706, 0.141169, 0.025199, -0.002107, 0.010964, 0.009289, 0.046925, 0.071122, 0.131279, 0.021237, 0.017906, 0.00821, -0.009743, 0.013952, 0.020667, -0.033695, -0.001106, 0.132256, -9.9e-05, 0.050579, 0.176122, 0.124621, 0.201774, 0.226506, 0.207983, 0.315187, 0.359338, 0.113153, 0.651031, 0.244659, 0.662411, 0.611676, -3e-06, 0.001233, 0.098113], [-0.002039, -0.011505, 0.025816, 1.0, 0.999076, 0.029089, 0.996986, 0.008804, -0.007236, -0.000654, 0.002891, 0.021843, -0.008687, 0.02112, 0.005731, 0.005764, -0.001862, -0.001232, -0.000555, 0.005004, -0.00054, 0.025445, -0.0013, 0.001433, 0.004194, -0.001534, 0.02581, -0.001244, 0.001351, 0.005203, -0.001536, 0.071867, 0.746225, -2.3e-05, -8e-06, 0.000892, -0.002432, 0.058483, 0.01393, -0.001484, -0.002047, -0.009533, 0.02188, 0.028244, 0.012543, 0.006525, 0.002577, 0.005308, -0.000235, 0.695398, 0.999687, -2.4e-05, 0.000823, 0.000181, 0.012365, 0.028244, -0.000654, 0.02112, 0.007195, 0.008172, 0.00047, 0.40358, 0.41061, 0.003137, -0.000743, -0.000776, -5.7e-05, 0.028664, 0.002974, 0.002432, 0.059208, 0.001107, 0.042593, 0.007997, 0.032389, 0.044247, 0.004413, 0.001997, 0.004543, 0.004079, -9.3e-05, -0.000111, 0.004669], [-0.001912, -0.01018, 0.024659, 0.999076, 1.0, 0.024509, 0.994427, 0.008281, -0.006534, -0.001286, 0.002076, 0.021007, -0.007656, 0.020671, 0.00474, 0.005266, -0.001905, -0.001444, -0.000894, 0.004628, -0.000546, 0.024286, -0.001369, 0.000644, 0.003819, -0.001359, 0.025126, -0.001399, 0.000646, 0.005077, -0.00141, 0.070441, 0.751873, -6.9e-05, -7e-06, 0.000354, -0.002026, 0.060712, 0.015114, -0.001624, -0.00172, -0.008614, 0.020994, 0.028177, 0.011689, 0.005744, 0.00123, 0.00396, -0.00056, 0.700072, 0.999826, -6.9e-05, 0.000684, 0.000112, 0.015824, 0.028177, -0.001286, 0.020671, 0.005442, 0.005759, -0.000221, 0.382614, 0.3941, 0.002785, -0.002012, -0.001764, -1.4e-05, 0.028753, 0.002069, 0.002145, 0.055073, 0.000365, 0.041518, 0.006143, 0.030492, 0.044104, 0.004154, 0.001583, 0.004188, 0.003904, -0.000161, -0.000173, 0.004631], [0.009084, -0.042818, 0.068816, 0.029089, 0.024509, 1.0, 0.017593, 0.214275, -0.022123, 0.216807, 0.183629, 0.015357, -0.031352, 0.010924, 0.006078, 0.003591, -0.007604, 0.000373, 0.008033, 0.029958, -0.002235, 0.068538, -0.000659, 0.024173, 0.029574, -0.005812, 0.069899, 0.00095, 0.025124, 0.03223, -0.005227, 0.416167, 0.068914, -0.000315, -3.8e-05, 0.000915, -0.004471, 0.057489, 0.083551, -0.005615, -0.009932, -0.032389, 0.04579, 0.050123, 0.032293, 0.01417, 0.03773, 0.044546, -0.001149, 0.186783, 0.026441, -0.000316, 0.003904, 0.002972, 0.018643, 0.050123, 0.216807, 0.010924, 0.378966, 0.309749, 0.032903, 0.002922, 0.004179, 0.003667, -0.004511, 0.209481, -0.000216, 0.017506, 0.033864, 0.045067, 0.797106, 0.030003, 0.095265, 0.111071, 0.128753, 0.05837, 0.026564, 0.022202, 0.029435, 0.022769, -0.000739, -0.000831, 0.009463], [-0.001536, -0.007829, 0.02001, 0.996986, 0.994427, 0.017593, 1.0, 0.004752, -0.004992, -0.003079, -0.000621, 0.020745, -0.005876, 0.020303, 0.005043, 0.005827, -0.001313, -0.001608, -0.001531, 0.002682, -0.000374, 0.019627, -0.001494, -0.001018, 0.001844, -0.001057, 0.020362, -0.001577, -0.000956, 0.002954, -0.001116, 0.058947, 0.729117, -4.8e-05, -6e-06, 0.000318, -0.001781, 0.053082, 0.00925, -0.001118, -0.00119, -0.006577, 0.020511, 0.02687, 0.011447, 0.006678, -0.001262, 0.001758, -0.000485, 0.676081, 0.995749, -4.8e-05, 0.000458, 4.5e-05, 0.013132, 0.02687, -0.003079, 0.020303, 0.000141, 0.000289, -0.000256, 0.459549, 0.459452, 0.003065, -0.001367, -0.00339, -3.1e-05, 0.027693, 0.000225, 0.001016, 0.044299, -0.001172, 0.038466, 0.00329, 0.026708, 0.041807, 0.002296, 0.000607, 0.00227, 0.002228, -0.000113, -0.000127, 0.00407], [0.007781, -0.316992, 0.321032, 0.008804, 0.008281, 0.214275, 0.004752, 1.0, -0.159942, 0.791714, 0.948319, 0.152579, -0.231912, 0.11677, 0.118014, -0.021274, -0.070063, 0.014383, 0.059947, 0.138224, -0.016736, 0.318693, 0.005772, 0.169803, 0.135923, -0.041533, 0.329801, 0.012658, 0.176512, 0.152046, -0.042511, 0.182288, 0.072371, -0.002466, -0.000295, 0.08917, -0.034609, 0.218067, 0.196749, -0.056003, -0.076465, -0.244964, 0.269226, 0.263603, 0.228761, 0.096495, 0.359336, 0.360909, 0.067839, 0.11991, 0.008679, -0.002473, 0.020385, 0.01834, 0.088976, 0.263603, 0.791714, 0.11677, 0.227636, 0.042588, 0.042726, 0.008915, 0.013219, 0.085977, -0.063819, 0.752517, -0.001694, 0.147091, 0.325201, 0.226804, 0.17802, 0.252356, 0.132586, 0.153755, 0.193584, 0.091661, 0.132796, 0.061773, 0.135794, 0.120587, -0.005791, -0.006513, 0.023564], [-0.114537, 0.631802, -0.184502, -0.007236, -0.006534, -0.022123, -0.004992, -0.159942, 1.0, 0.196262, -0.234436, -0.297103, 0.587863, -0.255967, -0.29355, 0.207269, -0.01822, 0.009717, -0.020292, -0.084832, 0.006595, -0.184248, 0.034627, -0.163307, -0.085158, 0.078738, -0.174836, 0.024778, -0.134743, -0.072153, 0.069999, -0.099866, -0.041825, -0.003497, -0.000418, -0.195516, -0.21109, -0.142859, -0.11984, -0.007855, -0.043503, 0.839468, -0.298438, -0.223103, -0.29394, -0.22037, -0.416539, -0.537285, -0.274893, -0.067658, -0.007186, -0.003507, -0.008856, -0.008055, 0.106534, -0.223103, 0.196262, -0.255967, -0.006595, 0.02328, 0.130905, -0.008132, -0.011089, -0.155678, -0.015425, 0.204003, -0.002403, -0.257558, -0.392664, -0.103243, -0.059535, -0.544092, -0.08992, -0.07446, -0.107203, -0.072109, -0.071648, -0.05185, -0.076953, -0.062181, -0.008212, -0.009236, -0.042418], [0.0426, -0.049493, 0.131279, -0.000654, -0.001286, 0.216807, -0.003079, 0.791714, 0.196262, 1.0, 0.838064, -0.004203, 0.007494, -0.020859, -0.017736, 0.053007, -0.062387, 0.010457, 0.040112, 0.077781, -0.011332, 0.128617, 0.011826, 0.075951, 0.074096, -0.004433, 0.140082, 0.022651, 0.101092, 0.095093, -0.002044, 0.11714, 0.030638, -0.003132, -0.000375, -0.015856, -0.081295, 0.074896, 0.062041, -0.047715, -0.075665, 0.075683, 0.110212, 0.14521, 0.094321, 0.016073, 0.160494, 0.121462, -0.050685, 0.062725, -0.000975, -0.003141, 0.015927, 0.015778, 0.076831, 0.14521, 1.0, -0.020859, 0.285356, 0.071831, 0.096175, -0.003328, -0.003631, 0.013917, -0.055744, 0.974721, -0.002152, -0.007525, 0.105424, 0.15206, 0.130526, 0.022304, 0.108789, 0.13819, 0.155455, 0.064419, 0.071117, 0.047153, 0.076971, 0.063897, -0.007355, -0.008272, 0.007619], [0.034978, -0.367151, 0.274865, 0.002891, 0.002076, 0.183629, -0.000621, 0.948319, -0.234436, 0.838064, 1.0, 0.176816, -0.276797, 0.137871, 0.153014, -0.035223, -0.069829, 0.009864, 0.055228, 0.123701, -0.017456, 0.272142, 0.000117, 0.167051, 0.120808, -0.045602, 0.282048, 0.009697, 0.176329, 0.136016, -0.044955, 0.152633, 0.053399, -0.002257, -0.00027, 0.106606, -0.015317, 0.166827, 0.144443, -0.056327, -0.074411, -0.309128, 0.288616, 0.2843, 0.265317, 0.129245, 0.396014, 0.403258, 0.092535, 0.093902, 0.00264, -0.002263, 0.019632, 0.018061, 0.055805, 0.2843, 0.838064, 0.137871, 0.194149, 0.034597, 0.031017, 0.001716, 0.003561, 0.116541, -0.063761, 0.800423, -0.00155, 0.160433, 0.348728, 0.23469, 0.145122, 0.293932, 0.126414, 0.149989, 0.186171, 0.085421, 0.116038, 0.060067, 0.120052, 0.104811, -0.005299, -0.00596, 0.025633], [-0.100917, -0.471313, 0.074356, 0.021843, 0.021007, 0.015357, 0.020745, 0.152579, -0.297103, -0.004203, 0.176816, 1.0, -0.343481, 0.950532, 0.983559, -0.046758, -0.096929, -0.046723, -0.009573, 0.046601, -0.024342, 0.074762, -0.050718, 0.083184, 0.047371, -0.063377, 0.051301, -0.064215, 0.019475, -0.002619, -0.067052, 0.071239, 0.046628, -0.003159, -0.000378, 0.498098, -0.145452, 0.172144, 0.148144, -0.078443, -0.102385, -0.392191, 0.989389, 0.908146, 0.983431, 0.93329, 0.40911, 0.521395, 0.401927, 0.063428, 0.021617, -0.003168, 0.003111, 0.000431, -0.147781, 0.908146, -0.004203, 0.950532, -0.003219, -0.013995, -0.020337, 0.027399, 0.031229, 0.406524, -0.089843, -0.003337, -0.001549, 0.917971, 0.371656, 0.022428, 0.03703, 0.317327, 0.082034, 0.029974, 0.07316, 0.082469, 0.036553, 0.021256, 0.037368, 0.033396, -0.007419, -0.008344, 0.009834], [-0.14739, 0.750654, -0.231454, -0.008687, -0.007656, -0.031352, -0.005876, -0.231912, 0.587863, 0.007494, -0.276797, -0.343481, 1.0, -0.271266, -0.349396, 0.021833, -0.087795, -0.043758, -0.065912, -0.136724, -0.025013, -0.231231, -0.012583, -0.196198, -0.137376, 0.039139, -0.216581, -0.014923, -0.161178, -0.115389, 0.037105, -0.114852, -0.048082, -0.00416, -0.000498, -0.232363, -0.253536, -0.167941, -0.139402, -0.081229, -0.0569, 0.749734, -0.352329, -0.267191, -0.338621, -0.263184, -0.498029, -0.639146, -0.327904, -0.077793, -0.008445, -0.004172, -0.010534, -0.009582, 0.166822, -0.267191, 0.007494, -0.271266, -0.017238, -0.001884, -0.032027, -0.009643, -0.013144, -0.18506, -0.118305, -0.001944, -0.002753, -0.269558, -0.470234, -0.121432, -0.08351, -0.646564, -0.109021, -0.087175, -0.127292, -0.088502, -0.122764, -0.061282, -0.127251, -0.112502, -0.009769, -0.010987, -0.051928], [-0.114362, -0.420067, 0.021237, 0.02112, 0.020671, 0.010924, 0.020303, 0.11677, -0.255967, -0.020859, 0.137871, 0.950532, -0.271266, 1.0, 0.938037, -0.045245, -0.105208, -0.061104, -0.026292, 0.029501, -0.026647, 0.021682, -0.060201, 0.049621, 0.030125, -0.059811, -0.001981, -0.075958, -0.014583, -0.020242, -0.063668, 0.062317, 0.047314, -0.00353, -0.000422, 0.496754, -0.173795, 0.190928, 0.175338, -0.085932, -0.108354, -0.339913, 0.937678, 0.967664, 0.963494, 0.876733, 0.351351, 0.476789, 0.388316, 0.061378, 0.021086, -0.00354, 0.002663, 0.000254, -0.109665, 0.967664, -0.020859, 1.0, -0.007415, -0.014679, -0.0237, 0.029519, 0.035096, 0.469877, -0.100368, -0.021579, -0.001475, 0.981025, 0.35138, 0.004767, 0.02547, 0.279047, 0.080219, 0.022688, 0.066098, 0.082837, 0.02028, 0.012596, 0.020541, 0.019199, -0.008288, -0.009321, 0.004561], [-0.09045, -0.460133, 0.029109, 0.005731, 0.00474, 0.006078, 0.005043, 0.118014, -0.29355, -0.017736, 0.153014, 0.983559, -0.349396, 0.938037, 1.0, -0.043814, -0.08734, -0.043669, -0.010785, 0.030635, -0.021843, 0.029552, -0.048157, 0.072475, 0.031437, -0.058418, 0.003072, -0.061842, 0.006345, -0.023435, -0.061702, 0.045, 0.020346, -0.002808, -0.000336, 0.478235, -0.135367, 0.109371, 0.08026, -0.070371, -0.093355, -0.386694, 0.972916, 0.870159, 0.982088, 0.964036, 0.384789, 0.503632, 0.387803, 0.031841, 0.005414, -0.002816, 0.002154, 0.000619, -0.204922, 0.870159, -0.017736, 0.938037, -0.005334, -0.015469, -0.018977, 0.010538, 0.011363, 0.363982, -0.079842, -0.014037, -0.001313, 0.881298, 0.341771, 0.016363, 0.01363, 0.310178, 0.068547, 0.009836, 0.049654, 0.07418, 0.019672, 0.016182, 0.020748, 0.01792, -0.006593, -0.007415, 0.007181], [0.013454, 0.109589, -0.046791, 0.005764, 0.005266, 0.003591, 0.005827, -0.021274, 0.207269, 0.053007, -0.035223, -0.046758, 0.021833, -0.045245, -0.043814, 1.0, 0.30538, -0.026355, -0.033021, -0.03985, -0.005261, -0.046564, -0.024411, -0.037784, -0.039606, -0.015006, -0.044217, -0.024979, -0.031784, -0.036333, -0.015838, -0.017573, -0.003236, -0.000676, -8.1e-05, -0.0277, -0.035574, -0.01918, -0.020744, 0.336789, 0.006913, 0.265978, -0.044749, -0.026084, -0.047075, -0.031259, -0.070141, -0.089413, -0.041445, -0.008182, 0.005244, -0.000678, -0.001677, -0.001526, -0.15436, -0.026084, 0.053007, -0.045245, 0.030546, 0.099205, 0.736777, 0.005115, 0.00478, -0.023145, 0.296102, 0.123688, -0.000377, -0.045799, -0.064663, -0.019433, 0.027014, -0.093757, -0.018644, -0.014795, -0.021656, -0.015148, -0.037338, -0.012767, -0.037757, -0.035562, -0.001588, -0.001786, -0.008382], [0.199094, -0.060818, -0.072466, -0.001862, -0.001905, -0.007604, -0.001313, -0.070063, -0.01822, -0.062387, -0.069829, -0.096929, -0.087795, -0.105208, -0.08734, 0.30538, 1.0, -0.040683, -0.050988, -0.061605, -0.008119, -0.07211, -0.037678, -0.058373, -0.061221, -0.023152, -0.068487, -0.038552, -0.049094, -0.056168, -0.024436, -0.029729, -0.012293, -0.000693, 0.000413, -0.056019, 0.11474, -0.036329, -0.036015, 0.969026, 0.49384, -0.022868, -0.098362, -0.115736, -0.101031, -0.066779, -0.123477, 0.017801, 0.002387, -0.019998, -0.001915, -0.000682, -0.002638, -0.0024, -0.248607, -0.115736, -0.062387, -0.105208, 0.002322, 0.031583, 0.179773, -0.002254, -0.003137, -0.046289, 0.480366, -0.045313, 0.01877, -0.10953, -0.067774, -0.019354, -0.015658, 0.069286, -0.029202, -0.022887, -0.033726, -0.023835, -0.057687, -0.01972, -0.058333, -0.054945, 0.003343, 0.002541, -0.006387], [-0.039659, -0.020657, 0.44543, -0.001232, -0.001444, 0.000373, -0.001608, 0.014383, 0.009717, 0.010457, 0.009864, -0.046723, -0.043758, -0.061104, -0.043669, -0.026355, -0.040683, 1.0, 0.783392, 0.728526, 0.588271, 0.444865, 0.916618, 0.252528, 0.728366, 0.867663, 0.3876, 0.782685, 0.225454, 0.626319, 0.741147, 0.006888, -0.001641, -0.001144, -0.000155, -0.046157, -0.057231, 0.002714, -0.003017, -0.032723, -0.04368, 0.014606, -0.045113, -0.060146, -0.051278, -0.04671, 0.027989, -0.010502, -0.068211, 0.00058, -0.001339, -0.001148, 0.002721, 0.003526, -0.087634, -0.060146, 0.010457, -0.061104, -0.00297, -0.007234, -0.008692, -0.002214, -0.002644, -0.04187, 0.14853, 0.017025, 0.002363, -0.063528, 0.036549, 0.010671, 0.013899, 0.026329, 0.074388, 0.03967, 0.069897, 0.067582, 0.738705, 0.125684, 0.728115, 0.732193, 0.004427, 0.006841, 0.119678], [-0.047532, -0.042874, 0.558812, -0.000555, -0.000894, 0.008033, -0.001531, 0.059947, -0.020292, 0.040112, 0.055228, -0.009573, -0.065912, -0.026292, -0.010785, -0.033021, -0.050988, 0.783392, 1.0, 0.889117, -0.007657, 0.558065, 0.922227, 0.481385, 0.888661, 0.829757, 0.545781, 0.948986, 0.452186, 0.88553, 0.861105, 0.037024, 0.012178, -0.001449, -0.000195, -0.040513, -0.05769, 0.032789, 0.024986, -0.041012, -0.054745, -0.02507, -0.006369, -0.019465, -0.014395, -0.028146, 0.015638, 0.04351, -0.063204, 0.022078, -0.00075, -0.001453, 0.011283, 0.011707, -0.005277, -0.019465, 0.040112, -0.026292, 0.000919, -0.004032, -0.008385, -0.001447, -0.000939, -0.038838, -0.013092, 0.041571, 0.001596, -0.026399, 0.012828, 0.021891, 0.038924, 0.023682, 0.107638, 0.076558, 0.1049, 0.087821, 0.893089, 0.20447, 0.888005, 0.878701, 0.000718, 0.003035, 0.03709], [-0.051144, -0.148588, 0.660487, 0.005004, 0.004628, 0.029958, 0.002682, 0.138224, -0.084832, 0.077781, 0.123701, 0.046601, -0.136724, 0.029501, 0.030635, -0.03985, -0.061605, 0.728526, 0.889117, 1.0, 0.156712, 0.659382, 0.756649, 0.694546, 0.998563, 0.630501, 0.626122, 0.751171, 0.659556, 0.959396, 0.618441, 0.119625, 0.052833, -0.001732, -0.000235, -0.031619, -0.047668, 0.138161, 0.120985, -0.049552, -0.066142, -0.110352, 0.052939, 0.053883, 0.03888, -0.004945, 0.063772, 0.140542, -0.050622, 0.083513, 0.004803, -0.001738, 0.025469, 0.022368, -0.013079, 0.053883, 0.077781, 0.029501, 0.013153, 0.010853, -0.005009, 0.005072, 0.008806, -0.030676, 0.026738, 0.082341, 0.000788, 0.041227, 0.106002, 0.034616, 0.100906, 0.107946, 0.216443, 0.157647, 0.203157, 0.170387, 0.985343, 0.336791, 0.998336, 0.954246, 0.00137, 0.00403, 0.076629], [-0.006799, -0.03361, 0.063404, -0.00054, -0.000546, -0.002235, -0.000374, -0.016736, 0.006595, -0.011332, -0.017456, -0.024342, -0.025013, -0.026647, -0.021843, -0.005261, -0.008119, 0.588271, -0.007657, 0.156712, 1.0, 0.063481, 0.242264, -0.009551, 0.156697, 0.251, -0.016393, -0.007858, -0.012044, -0.012724, -0.004326, -0.001177, -0.003101, -0.000259, -3.1e-05, -0.013757, -0.015382, -0.007771, -0.009574, -0.00653, -0.008716, 0.009448, -0.024477, -0.027794, -0.025311, -0.016718, 0.045931, -0.030984, -0.019577, -0.003153, -0.000495, -0.00026, -0.000655, -0.000597, -0.139019, -0.027794, -0.011332, -0.026647, -0.00123, -0.00224, -0.002005, -0.000603, -0.000826, -0.011581, 0.245633, -0.00148, 0.000418, -0.027781, 0.083722, -0.007541, -0.006439, 0.04901, 0.002331, -0.005554, -0.002175, 0.004743, 0.163, 0.002365, 0.156688, 0.165877, 0.005445, 0.006686, 0.157713], [-0.061902, -0.298622, 0.999459, 0.025445, 0.024286, 0.068538, 0.019627, 0.318693, -0.184248, 0.128617, 0.272142, 0.074762, -0.231231, 0.021682, 0.029552, -0.046564, -0.07211, 0.444865, 0.558065, 0.659382, 0.063481, 1.0, 0.433505, 0.604807, 0.661194, 0.268888, 0.982248, 0.445444, 0.56434, 0.648348, 0.269941, 0.176358, 0.097552, -0.002089, -0.000275, -0.036065, -0.053286, 0.283681, 0.262151, -0.058003, -0.07742, -0.24232, 0.088986, 0.071101, 0.054433, -0.039877, 0.204136, 0.276472, -0.057283, 0.140876, 0.024827, -0.002095, 0.009496, 0.006431, 0.041303, 0.071101, 0.128617, 0.021682, 0.017659, 0.008174, -0.00973, 0.013501, 0.020185, -0.033353, -0.000738, 0.130033, -0.001581, 0.050909, 0.176047, 0.122125, 0.201739, 0.226297, 0.205312, 0.313608, 0.357239, 0.110912, 0.649998, 0.243986, 0.661314, 0.610715, 2.7e-05, 0.001268, 0.098113], [-0.03819, 0.030898, 0.433304, -0.0013, -0.001369, -0.000659, -0.001494, 0.005772, 0.034627, 0.011826, 0.000117, -0.050718, -0.012583, -0.060201, -0.048157, -0.024411, -0.037678, 0.916618, 0.922227, 0.756649, 0.242264, 0.433505, 1.0, 0.204397, 0.757832, 0.966917, 0.412056, 0.948278, 0.189095, 0.725051, 0.927117, 6.3e-05, -0.002583, -0.001133, -0.000144, -0.04649, -0.057322, -0.004517, -0.005468, -0.030306, -0.040455, 0.047395, -0.04985, -0.058302, -0.055158, -0.049532, -0.016739, -0.047554, -0.068541, -0.002314, -0.001358, -0.001136, 0.000953, 0.00095, -0.013368, -0.058302, 0.011826, -0.060201, -0.003225, -0.007773, -0.008433, -0.002051, -0.002455, -0.040134, 0.04349, 0.012708, -0.000826, -0.061003, -0.019469, 0.003099, 0.009709, -0.026454, 0.036088, 0.022873, 0.037319, 0.032028, 0.774893, 0.09155, 0.75622, 0.774696, 0.000364, 0.001575, 0.059809], [-0.048446, -0.253128, 0.604536, 0.001433, 0.000644, 0.024173, -0.001018, 0.169803, -0.163307, 0.075951, 0.167051, 0.083184, -0.196198, 0.049621, 0.072475, -0.037784, -0.058373, 0.252528, 0.481385, 0.694546, -0.009551, 0.604807, 0.204397, 1.0, 0.695708, -0.028902, 0.578087, 0.253976, 0.933685, 0.666462, 0.000683, 0.103706, 0.039639, -0.001596, -0.000223, -0.009565, -0.041154, 0.108554, 0.089251, -0.046952, -0.062674, -0.214555, 0.091004, 0.065761, 0.07869, 0.022871, 0.153063, 0.238859, -0.027164, 0.066834, 0.001092, -0.001602, 0.022925, 0.021191, -0.062515, 0.065761, 0.075951, 0.049621, 0.007881, 0.002219, -0.007312, 0.000517, 0.002852, -0.017571, -0.005742, 0.081773, -0.00128, 0.053273, 0.14462, 0.063778, 0.091954, 0.186212, 0.199504, 0.155987, 0.203254, 0.157332, 0.660465, 0.387549, 0.692814, 0.61408, 0.002166, 0.006171, 0.061919], [-0.051395, -0.149249, 0.660773, 0.004194, 0.003819, 0.029574, 0.001844, 0.135923, -0.085158, 0.074096, 0.120808, 0.047371, -0.137376, 0.030125, 0.031437, -0.039606, -0.061221, 0.728366, 0.888661, 0.998563, 0.156697, 0.661194, 0.757832, 0.695708, 1.0, 0.631373, 0.626391, 0.751432, 0.658246, 0.957907, 0.61883, 0.119763, 0.052264, -0.00172, -0.000234, -0.030803, -0.049496, 0.137877, 0.12101, -0.049243, -0.065731, -0.110816, 0.053249, 0.053932, 0.039204, -0.004697, 0.065658, 0.138889, -0.050649, 0.08304, 0.003993, -0.001726, 0.023565, 0.019102, -0.019335, 0.053932, 0.074096, 0.030125, 0.012614, 0.010796, -0.005064, 0.004111, 0.007784, -0.030161, 0.027095, 0.079344, -0.001343, 0.041749, 0.106434, 0.032474, 0.101112, 0.108626, 0.212945, 0.156249, 0.200766, 0.167205, 0.983972, 0.336066, 0.9969, 0.952929, 0.001399, 0.004063, 0.076711], [-0.025223, 0.098627, 0.268716, -0.001534, -0.001359, -0.005812, -0.001057, -0.041533, 0.078738, -0.004433, -0.045602, -0.063377, 0.039139, -0.059811, -0.058418, -0.015006, -0.023152, 0.867663, 0.829757, 0.630501, 0.251, 0.268888, 0.966917, -0.028902, 0.631373, 1.0, 0.252892, 0.901629, -0.023537, 0.603901, 0.95023, -0.018245, -0.008785, -0.000739, -8.8e-05, -0.041062, -0.044919, -0.028911, -0.024504, -0.018622, -0.024859, 0.105395, -0.064914, -0.060751, -0.066131, -0.047493, -0.068264, -0.110974, -0.057997, -0.013394, -0.001488, -0.000741, -0.00187, -0.001702, 0.004255, -0.060751, -0.004433, -0.059811, -0.003507, -0.006394, -0.005715, -0.001719, -0.002354, -0.033017, 0.043422, -0.004759, -0.000508, -0.060645, -0.053688, -0.019712, -0.013683, -0.077849, -0.007652, -0.015662, -0.015315, -0.002557, 0.657266, 0.00348, 0.630133, 0.669789, -0.000172, 9.3e-05, 0.042739], [-0.057943, -0.27761, 0.982795, 0.02581, 0.025126, 0.069899, 0.020362, 0.329801, -0.174836, 0.140082, 0.282048, 0.051301, -0.216581, -0.001981, 0.003072, -0.044217, -0.068487, 0.3876, 0.545781, 0.626122, -0.016393, 0.982248, 0.412056, 0.578087, 0.626391, 0.252892, 1.0, 0.453809, 0.574083, 0.660042, 0.275347, 0.178019, 0.099443, -0.002178, -0.000261, -0.045558, -0.043092, 0.285503, 0.267062, -0.055089, -0.073529, -0.229989, 0.066383, 0.053549, 0.030653, -0.066961, 0.191351, 0.251992, -0.061717, 0.143081, 0.025635, -0.002184, 0.00822, 0.007531, 0.096457, 0.053549, 0.140082, -0.001981, 0.018031, 0.006064, -0.010837, 0.014249, 0.021103, -0.036269, -0.062173, 0.139097, 5e-06, 0.031726, 0.163171, 0.126491, 0.201349, 0.213321, 0.141952, 0.28352, 0.299737, 0.059014, 0.625029, 0.197465, 0.628251, 0.592033, -0.004986, -0.00456, 0.082697], [-0.039085, 0.026548, 0.445812, -0.001244, -0.001399, 0.00095, -0.001577, 0.012658, 0.024778, 0.022651, 0.009697, -0.064215, -0.014923, -0.075958, -0.061842, -0.024979, -0.038552, 0.782685, 0.948986, 0.751171, -0.007858, 0.445444, 0.948278, 0.253976, 0.751432, 0.901629, 0.453809, 1.0, 0.265801, 0.784105, 0.954881, 0.006777, -0.002404, -0.001222, -0.000147, -0.052444, -0.045329, -0.000387, -0.004708, -0.031009, -0.041394, 0.034358, -0.062484, -0.07124, -0.068165, -0.064032, -0.017776, -0.031474, -0.068918, -0.000142, -0.001346, -0.001225, 0.001839, 0.002282, 0.00144, -0.07124, 0.022651, -0.075958, -0.001319, -0.003475, -0.008778, -0.002269, -0.002769, -0.044966, -0.034995, 0.028344, 0.000522, -0.076566, -0.030461, 0.011707, 0.015414, -0.025322, 0.038029, 0.073027, 0.053741, 0.010422, 0.76141, 0.115097, 0.750659, 0.757642, -0.002802, -0.002526, 0.023205], [-0.037591, -0.207175, 0.565382, 0.001351, 0.000646, 0.025124, -0.000956, 0.176512, -0.134743, 0.101092, 0.176329, 0.019475, -0.161178, -0.014583, 0.006345, -0.031784, -0.049094, 0.225454, 0.452186, 0.659556, -0.012044, 0.56434, 0.189095, 0.933685, 0.658246, -0.023537, 0.574083, 0.265801, 1.0, 0.691403, -0.006757, 0.105317, 0.03729, -0.001534, -0.000187, -0.029146, -0.012554, 0.09869, 0.079593, -0.039489, -0.052711, -0.177048, 0.0288, 0.012092, 0.015357, -0.041387, 0.118876, 0.176768, -0.033016, 0.065194, 0.00107, -0.001539, 0.022359, 0.022862, -0.017308, 0.012092, 0.101092, -0.014583, 0.008836, 0.004503, -0.007489, 0.000202, 0.002236, -0.027723, -0.044566, 0.1119, 0.002558, -0.005727, 0.133566, 0.060577, 0.091313, 0.157792, 0.135939, 0.167857, 0.162422, 0.080432, 0.631318, 0.335281, 0.657525, 0.59239, -0.003403, -0.001866, 0.055461], [-0.045676, -0.120082, 0.649559, 0.005203, 0.005077, 0.03223, 0.002954, 0.152046, -0.072153, 0.095093, 0.136016, -0.002619, -0.115389, -0.020242, -0.023435, -0.036333, -0.056168, 0.626319, 0.88553, 0.959396, -0.012724, 0.648348, 0.725051, 0.666462, 0.957907, 0.603901, 0.660042, 0.784105, 0.691403, 1.0, 0.64361, 0.125152, 0.055399, -0.001775, -0.000214, -0.05045, -0.032154, 0.141535, 0.127813, -0.045179, -0.060306, -0.093793, 0.004869, 0.01516, -0.011153, -0.059761, 0.040995, 0.108792, -0.061468, 0.087484, 0.005205, -0.00178, 0.022034, 0.019596, 0.05222, 0.01516, 0.095093, -0.020242, 0.01441, 0.009374, -0.007469, 0.005426, 0.009401, -0.038504, -0.050988, 0.098728, 0.000958, -0.000511, 0.085102, 0.041267, 0.102765, 0.085612, 0.161966, 0.162446, 0.168639, 0.108716, 0.951929, 0.286078, 0.957966, 0.927156, -0.003998, -0.002988, 0.04738], [-0.027179, 0.095762, 0.270089, -0.001536, -0.00141, -0.005227, -0.001116, -0.042511, 0.069999, -0.002044, -0.044955, -0.067052, 0.037105, -0.063668, -0.061702, -0.015838, -0.024436, 0.741147, 0.861105, 0.618441, -0.004326, 0.269941, 0.927117, 0.000683, 0.61883, 0.95023, 0.275347, 0.954881, -0.006757, 0.64361, 1.0, -0.016049, -0.009149, -0.00078, -9.3e-05, -0.043228, -0.038334, -0.027107, -0.024588, -0.019655, -0.026238, 0.093868, -0.068351, -0.064072, -0.06923, -0.050088, -0.069926, -0.087985, -0.057178, -0.013065, -0.001522, -0.000782, -0.001746, -0.001669, 0.01481, -0.064072, -0.002044, -0.063668, -0.002015, -0.003234, -0.006032, -0.001815, -0.002485, -0.03485, -0.022182, -0.000269, -0.000381, -0.064713, -0.069359, -0.010925, -0.011751, -0.079776, 0.007624, 0.021511, 0.004389, -0.003696, 0.63767, 0.025472, 0.618156, 0.646661, -0.001812, -0.001901, 0.00458], [-0.018731, -0.157442, 0.176381, 0.071867, 0.070441, 0.416167, 0.058947, 0.182288, -0.099866, 0.11714, 0.152633, 0.071239, -0.114852, 0.062317, 0.045, -0.017573, -0.029729, 0.006888, 0.037024, 0.119625, -0.001177, 0.176358, 6.3e-05, 0.103706, 0.119763, -0.018245, 0.178019, 0.006777, 0.105317, 0.125152, -0.016049, 1.0, 0.17558, 0.00518, -0.000114, 0.033249, -0.007188, 0.235627, 0.192021, -0.02396, -0.031751, -0.131943, 0.082865, 0.099397, 0.066675, 0.014286, 0.154595, 0.168648, 0.027762, 0.457838, 0.071172, 0.005175, 0.007433, 0.003668, 0.048528, 0.099397, 0.11714, 0.062317, 0.665246, 0.726639, 0.006545, 0.01096, 0.015999, 0.018912, -0.02378, 0.11942, -0.000657, 0.081397, 0.134998, 0.051685, 0.770268, 0.1209, 0.167623, 0.169715, 0.198596, 0.112949, 0.108518, 0.071617, 0.116364, 0.097975, -0.002245, -0.002525, 0.023116], [-0.00955, -0.065626, 0.097869, 0.746225, 0.751873, 0.068914, 0.729117, 0.072371, -0.041825, 0.030638, 0.053399, 0.046628, -0.048082, 0.047314, 0.020346, -0.003236, -0.012293, -0.001641, 0.012178, 0.052833, -0.003101, 0.097552, -0.002583, 0.039639, 0.052264, -0.008785, 0.099443, -0.002404, 0.03729, 0.055399, -0.009149, 0.17558, 1.0, -0.000399, 6e-06, 0.008073, -0.007968, 0.177591, 0.113923, -0.009945, -0.012998, -0.055136, 0.04934, 0.069683, 0.035924, 0.008836, 0.050233, 0.061652, 0.00401, 0.955612, 0.749665, -0.000398, 0.008415, 0.003217, 0.052853, 0.069683, 0.030638, 0.047314, 0.007247, 0.00697, 0.001271, 0.160515, 0.175127, 0.007132, -0.011334, 0.028093, -0.000142, 0.065913, 0.043908, 0.025372, 0.138183, 0.041661, 0.10645, 0.072239, 0.112304, 0.089561, 0.049285, 0.025894, 0.051192, 0.045541, -0.000936, -0.001053, 0.014885], [0.009136, -0.005483, -0.0021, -2.3e-05, -6.9e-05, -0.000315, -4.8e-05, -0.002466, -0.003497, -0.003132, -0.002257, -0.003159, -0.00416, -0.00353, -0.002808, -0.000676, -0.000693, -0.001144, -0.001449, -0.001732, -0.000259, -0.002089, -0.001133, -0.001596, -0.00172, -0.000739, -0.002178, -0.001222, -0.001534, -0.001775, -0.00078, 0.00518, -0.000399, 1.0, -4e-06, -0.001862, 0.002537, 0.00154, -0.001193, -0.000645, -0.000438, -0.004606, -0.003233, -0.004169, -0.003301, -0.00215, 0.049002, 0.026991, -0.000648, 0.00119, -6.8e-05, 0.999646, -8.4e-05, -7.7e-05, -0.017406, -0.004169, -0.003132, -0.00353, -0.000158, -0.000288, -0.000258, -7.7e-05, -0.000106, -0.001488, 0.030796, -0.003236, -2.3e-05, -0.003691, 0.007414, -0.000984, -0.001139, 0.013247, -0.000932, -0.000731, -0.001077, -0.000761, -0.001841, -0.000629, -0.001862, -0.001754, -7.8e-05, -8.8e-05, -0.000349], [0.004007, -0.000656, -0.000277, -8e-06, -7e-06, -3.8e-05, -6e-06, -0.000295, -0.000418, -0.000375, -0.00027, -0.000378, -0.000498, -0.000422, -0.000336, -8.1e-05, 0.000413, -0.000155, -0.000195, -0.000235, -3.1e-05, -0.000275, -0.000144, -0.000223, -0.000234, -8.8e-05, -0.000261, -0.000147, -0.000187, -0.000214, -9.3e-05, -0.000114, 6e-06, -4e-06, 1.0, 0.000572, -0.000243, -0.000139, -8.1e-05, 0.000198, 0.000917, -0.000551, -0.000387, -0.000499, -0.000395, -0.000257, 0.000934, 0.000682, 0.001171, -2.8e-05, -8e-06, 0.026618, -1e-05, -9e-06, 0.000237, -0.000499, -0.000375, -0.000422, -1.9e-05, -3.4e-05, -3.1e-05, -9e-06, -1.3e-05, -0.000178, -0.000113, -0.000387, -3e-06, -0.000441, -0.000451, -7.8e-05, -0.000136, 0.000204, -0.000112, -8.7e-05, -0.000129, -9.1e-05, -0.00022, -7.5e-05, -0.000223, -0.00021, -9e-06, -1.1e-05, -5.7e-05], [-0.049727, -0.30652, -0.03666, 0.000892, 0.000354, 0.000915, 0.000318, 0.08917, -0.195516, -0.015856, 0.106606, 0.498098, -0.232363, 0.496754, 0.478235, -0.0277, -0.056019, -0.046157, -0.040513, -0.031619, -0.013757, -0.036065, -0.04649, -0.009565, -0.030803, -0.041062, -0.045558, -0.052444, -0.029146, -0.05045, -0.043228, 0.033249, 0.008073, -0.001862, 0.000572, 1.0, -0.078459, 0.091591, 0.070755, -0.045039, -0.060218, -0.257525, 0.493094, 0.493949, 0.499008, 0.413277, 0.319062, 0.320266, 0.901387, 0.017241, 0.000448, -0.001846, -0.001666, -0.002722, -0.104301, 0.493949, -0.015856, 0.496754, -0.004256, -0.010321, -0.010305, 0.007488, 0.008898, 0.367623, -0.052149, -0.009555, -0.001279, 0.500509, 0.3325, -0.001357, 0.006564, 0.138853, -0.00245, -0.021595, -0.015095, 0.00603, -0.035494, -0.009478, -0.035842, -0.034504, -0.004371, -0.004916, 0.008473], [0.336922, -0.334134, -0.051481, -0.002432, -0.002026, -0.004471, -0.001781, -0.034609, -0.21109, -0.081295, -0.015317, -0.145452, -0.253536, -0.173795, -0.135367, -0.035574, 0.11474, -0.057231, -0.05769, -0.047668, -0.015382, -0.053286, -0.057322, -0.041154, -0.049496, -0.044919, -0.043092, -0.045329, -0.012554, -0.032154, -0.038334, -0.007188, -0.007968, 0.002537, -0.000243, -0.078459, 1.0, -0.01953, -0.015356, 0.047074, 0.282407, -0.280726, -0.143616, -0.187576, -0.150608, -0.113637, -0.124871, 0.155783, 0.359432, -0.009347, -0.001988, 0.00253, 0.000169, -0.002193, 0.143252, -0.187576, -0.081295, -0.173795, -0.005982, -0.014152, -0.003278, -0.001526, -0.002122, -0.080402, -0.057708, -0.087323, 0.016814, -0.175348, 0.091748, -0.042164, -0.024715, 0.417731, -0.023701, 0.000628, -0.024773, -0.028804, -0.051479, 0.008461, -0.046168, -0.053067, -0.004765, -0.005359, -0.01228], [-0.025228, -0.224731, 0.283936, 0.058483, 0.060712, 0.057489, 0.053082, 0.218067, -0.142859, 0.074896, 0.166827, 0.172144, -0.167941, 0.190928, 0.109371, -0.01918, -0.036329, 0.002714, 0.032789, 0.138161, -0.007771, 0.283681, -0.004517, 0.108554, 0.137877, -0.028911, 0.285503, -0.000387, 0.09869, 0.141535, -0.027107, 0.235627, 0.177591, 0.00154, -0.000139, 0.091591, -0.01953, 1.0, 0.599659, -0.02826, -0.042392, -0.188278, 0.179236, 0.254478, 0.156449, 0.069998, 0.216466, 0.242291, 0.076897, 0.230894, 0.059784, 0.001536, 0.016228, 0.003452, 0.112584, 0.254478, 0.074896, 0.190928, 0.033675, 0.032548, 0.006145, 0.032965, 0.049838, 0.048504, -0.022274, 0.074403, -0.001034, 0.245207, 0.230872, 0.05659, 0.182939, 0.198361, 0.172857, 0.186321, 0.236003, 0.123707, 0.131247, 0.067561, 0.135913, 0.119058, -0.003534, -0.003975, 0.027044], [-0.025798, -0.18729, 0.262326, 0.01393, 0.015114, 0.083551, 0.00925, 0.196749, -0.11984, 0.062041, 0.144443, 0.148144, -0.139402, 0.175338, 0.08026, -0.020744, -0.036015, -0.003017, 0.024986, 0.120985, -0.009574, 0.262151, -0.005468, 0.089251, 0.12101, -0.024504, 0.267062, -0.004708, 0.079593, 0.127813, -0.024588, 0.192021, 0.113923, -0.001193, -8.1e-05, 0.070755, -0.015356, 0.599659, 1.0, -0.02966, -0.036236, -0.158038, 0.154146, 0.248444, 0.13142, 0.048036, 0.182038, 0.198148, 0.059284, 0.160348, 0.014604, -0.001195, 0.014831, 0.00273, 0.190035, 0.248444, 0.062041, 0.175338, 0.02944, 0.022187, 0.000356, 0.011819, 0.02594, 0.036491, -0.035181, 0.051859, 0.000145, 0.242694, 0.19069, 0.051605, 0.173005, 0.159135, 0.145086, 0.167401, 0.209946, 0.101636, 0.116866, 0.055361, 0.119412, 0.106367, -0.002905, -0.003267, 0.024732], [0.16215, -0.050866, -0.058289, -0.001484, -0.001624, -0.005615, -0.001118, -0.056003, -0.007855, -0.047715, -0.056327, -0.078443, -0.081229, -0.085932, -0.070371, 0.336789, 0.969026, -0.032723, -0.041012, -0.049552, -0.00653, -0.058003, -0.030306, -0.046952, -0.049243, -0.018622, -0.055089, -0.031009, -0.039489, -0.045179, -0.019655, -0.02396, -0.009945, -0.000645, 0.000198, -0.045039, 0.047074, -0.02826, -0.02966, 1.0, 0.263799, -0.009047, -0.079347, -0.093224, -0.081816, -0.05382, -0.099582, 0.029025, -0.018475, -0.016151, -0.001611, -0.000639, -0.002123, -0.001931, -0.295441, -0.093224, -0.047715, -0.085932, 0.004018, 0.037738, 0.201837, -0.001867, -0.002582, -0.037301, 0.541906, -0.027715, -0.000576, -0.0896, -0.064923, -0.018389, -0.008158, 0.048499, -0.023491, -0.018409, -0.027129, -0.019174, -0.0464, -0.015861, -0.04692, -0.044195, 0.004441, 0.003552, -0.007108], [0.206688, -0.058445, -0.077801, -0.002047, -0.00172, -0.009932, -0.00119, -0.076465, -0.043503, -0.075665, -0.074411, -0.102385, -0.0569, -0.108354, -0.093355, 0.006913, 0.49384, -0.04368, -0.054745, -0.066142, -0.008716, -0.07742, -0.040455, -0.062674, -0.065731, -0.024859, -0.073529, -0.041394, -0.052711, -0.060306, -0.026238, -0.031751, -0.012998, -0.000438, 0.000917, -0.060218, 0.282407, -0.042392, -0.036236, 0.263799, 1.0, -0.057465, -0.104797, -0.123799, -0.106532, -0.071325, -0.131645, -0.03267, 0.074376, -0.02124, -0.001805, -0.000414, -0.00283, -0.002574, 0.069249, -0.123799, -0.075665, -0.108354, -0.005082, -0.009523, -0.008517, -0.002233, -0.003161, -0.04946, -0.031852, -0.079398, 0.075342, -0.112318, -0.036116, -0.010845, -0.032431, 0.099851, -0.031344, -0.024572, -0.036204, -0.025581, -0.061938, -0.021173, -0.062631, -0.058994, -0.002579, -0.002581, 8.1e-05], [-0.151743, 0.8347, -0.242637, -0.009533, -0.008614, -0.032389, -0.006577, -0.244964, 0.839468, 0.075683, -0.309128, -0.392191, 0.749734, -0.339913, -0.386694, 0.265978, -0.022868, 0.014606, -0.02507, -0.110352, 0.009448, -0.24232, 0.047395, -0.214555, -0.110816, 0.105395, -0.229989, 0.034358, -0.177048, -0.093793, 0.093868, -0.131943, -0.055136, -0.004606, -0.000551, -0.257525, -0.280726, -0.188278, -0.158038, -0.009047, -0.057465, 1.0, -0.400089, -0.325498, -0.398578, -0.293721, -0.548635, -0.707689, -0.363296, -0.089279, -0.00947, -0.00462, -0.011664, -0.010609, 0.137114, -0.325498, 0.075683, -0.339913, -0.008564, 0.031747, 0.175985, -0.010712, -0.014607, -0.205074, -0.018407, 0.086836, -0.002866, -0.342485, -0.517613, -0.136063, -0.078576, -0.718973, -0.118322, -0.09814, -0.141185, -0.094832, -0.093001, -0.068131, -0.100031, -0.080517, -0.010817, -0.012165, -0.059131], [-0.086461, -0.483055, 0.088901, 0.02188, 0.020994, 0.04579, 0.020511, 0.269226, -0.298438, 0.110212, 0.288616, 0.989389, -0.352329, 0.937678, 0.972916, -0.044749, -0.098362, -0.045113, -0.006369, 0.052939, -0.024477, 0.088986, -0.04985, 0.091004, 0.053249, -0.064914, 0.066383, -0.062484, 0.0288, 0.004869, -0.068351, 0.082865, 0.04934, -0.003233, -0.000387, 0.493094, -0.143616, 0.179236, 0.154146, -0.079347, -0.104797, -0.400089, 1.0, 0.912821, 0.988317, 0.93387, 0.423551, 0.535669, 0.398029, 0.069357, 0.021633, -0.003242, 0.003636, 0.000983, -0.14261, 0.912821, 0.110212, 0.937678, 0.040781, -0.004941, -0.01031, 0.027054, 0.030865, 0.401504, -0.090558, 0.104306, -0.001604, 0.905672, 0.380574, 0.04167, 0.051106, 0.326384, 0.091851, 0.039947, 0.085771, 0.089164, 0.042496, 0.024344, 0.043637, 0.038747, -0.007591, -0.008537, 0.011387], [-0.108828, -0.430242, 0.071122, 0.028244, 0.028177, 0.050123, 0.02687, 0.263603, -0.223103, 0.14521, 0.2843, 0.908146, -0.267191, 0.967664, 0.870159, -0.026084, -0.115736, -0.060146, -0.019465, 0.053883, -0.027794, 0.071101, -0.058302, 0.065761, 0.053932, -0.060751, 0.053549, -0.07124, 0.012092, 0.01516, -0.064072, 0.099397, 0.069683, -0.004169, -0.000499, 0.493949, -0.187576, 0.254478, 0.248444, -0.093224, -0.123799, -0.325498, 0.912821, 1.0, 0.93515, 0.801599, 0.395678, 0.499537, 0.37959, 0.092676, 0.028422, -0.004181, 0.00552, 0.002607, -0.013584, 1.0, 0.14521, 0.967664, 0.038142, -0.000828, 0.001064, 0.038377, 0.046805, 0.499157, -0.108132, 0.142905, -0.000693, 0.987663, 0.389543, 0.037664, 0.063717, 0.284948, 0.105201, 0.061, 0.106974, 0.095944, 0.044621, 0.02344, 0.045731, 0.04152, -0.009789, -0.011009, 0.008355], [-0.08749, -0.480616, 0.054317, 0.012543, 0.011689, 0.032293, 0.011447, 0.228761, -0.29394, 0.094321, 0.265317, 0.983431, -0.338621, 0.963494, 0.982088, -0.047075, -0.101031, -0.051278, -0.014395, 0.03888, -0.025311, 0.054433, -0.055158, 0.07869, 0.039204, -0.066131, 0.030653, -0.068165, 0.015357, -0.011153, -0.06923, 0.066675, 0.035924, -0.003301, -0.000395, 0.499008, -0.150608, 0.156449, 0.13142, -0.081816, -0.106532, -0.398578, 0.988317, 0.93515, 1.0, 0.939374, 0.417594, 0.53367, 0.400515, 0.052396, 0.012314, -0.00331, 0.00311, 0.001048, -0.151917, 0.93515, 0.094321, 0.963494, 0.027755, -0.008462, -0.014918, 0.018687, 0.021544, 0.418196, -0.093776, 0.091958, -0.00137, 0.930193, 0.376507, 0.035186, 0.034409, 0