{"features": ["Dst Port", "Protocol", "Flow Duration", "Total Fwd Packet", "Total Bwd packets", "Total Length of Fwd Packet", "Total Length of Bwd Packet", "Fwd Packet Length Max", "Fwd Packet Length Min", "Fwd Packet Length Mean", "Fwd Packet Length Std", "Bwd Packet Length Max", "Bwd Packet Length Min", "Bwd Packet Length Mean", "Bwd Packet Length Std", "Flow Bytes/s", "Flow Packets/s", "Flow IAT Mean", "Flow IAT Std", "Flow IAT Max", "Flow IAT Min", "Fwd IAT Total", "Fwd IAT Mean", "Fwd IAT Std", "Fwd IAT Max", "Fwd IAT Min", "Bwd IAT Total", "Bwd IAT Mean", "Bwd IAT Std", "Bwd IAT Max", "Bwd IAT Min", "Fwd PSH Flags", "Bwd PSH Flags", "Fwd URG Flags", "Bwd URG Flags", "Fwd RST Flags", "Bwd RST Flags", "Fwd Header Length", "Bwd Header Length", "Fwd Packets/s", "Bwd Packets/s", "Packet Length Min", "Packet Length Max", "Packet Length Mean", "Packet Length Std", "Packet Length Variance", "FIN Flag Count", "SYN Flag Count", "RST Flag Count", "PSH Flag Count", "ACK Flag Count", "URG Flag Count", "CWR Flag Count", "ECE Flag Count", "Down/Up Ratio", "Average Packet Size", "Fwd Segment Size Avg", "Bwd Segment Size Avg", "Fwd Bytes/Bulk Avg", "Fwd Packet/Bulk Avg", "Fwd Bulk Rate Avg", "Bwd Bytes/Bulk Avg", "Bwd Packet/Bulk Avg", "Bwd Bulk Rate Avg", "Subflow Fwd Packets", "Subflow Fwd Bytes", "Subflow Bwd Packets", "Subflow Bwd Bytes", "FWD Init Win Bytes", "Bwd Init Win Bytes", "Fwd Act Data Pkts", "Fwd Seg Size Min", "Active Mean", "Active Std", "Active Max", "Active Min", "Idle Mean", "Idle Std", "Idle Max", "Idle Min", "ICMP Code", "ICMP Type", "Total TCP Flow Time"], "matrix": [[1.0, -0.842748, 0.16667, 0.345851, 0.279909, 0.090526, 0.045527, 0.083538, -0.771781, -0.168536, 0.469612, 0.041356, -0.813326, -0.053219, 0.420356, -0.561893, -0.069425, 0.06774, 0.181766, 0.121199, -0.092467, 0.312124, 0.290247, 0.453571, 0.301196, 0.036176, 0.264832, 0.248409, 0.480957, 0.257446, -0.078707, 0.517024, 0.505309, -0.000276, 0.001242, 0.233647, 0.503774, 0.679586, 0.602306, -0.06624, -0.163378, -0.772926, 0.06734, 0.000746, 0.076942, 0.076944, 0.452997, 0.691777, 0.526618, 0.518248, 0.702368, -0.000146, 0.018846, 0.017845, -0.239241, 0.000747, -0.168569, -0.05322, -0.071831, -0.072755, -0.073267, 0.231412, 0.234479, 0.224474, 0.181267, -0.147764, 0.003708, -0.058861, 0.739468, 0.480524, 0.134058, 0.812486, 0.312443, 0.259913, 0.314824, 0.308694, 0.299519, 0.258982, 0.298958, 0.298803, -0.031095, -0.031095, 0.724311], [-0.842748, 1.0, -0.39344, -0.572029, -0.514749, -0.197679, -0.287126, -0.187204, 0.931801, 0.134861, -0.683976, -0.287766, 0.923163, -0.161835, -0.676481, 0.517283, 0.260913, -0.247499, -0.401571, -0.338726, 0.209483, -0.530334, -0.511602, -0.687744, -0.517549, -0.145534, -0.482464, -0.469091, -0.690833, -0.472974, -0.124139, -0.713437, -0.706449, -0.006323, -0.000656, -0.43757, -0.355156, -0.85398, -0.800499, 0.256344, 0.300914, 0.93296, -0.306237, -0.206963, -0.332125, -0.332124, -0.706169, -0.897978, -0.600688, -0.715645, -0.887527, -0.006357, -0.018126, -0.017175, 0.348543, -0.206961, 0.13493, -0.161844, 0.085013, 0.08703, 0.086964, -0.374723, -0.374217, -0.374164, -0.094107, 0.110887, -0.003766, -0.153572, -0.913647, -0.730182, -0.235982, -0.907829, -0.410723, -0.314896, -0.413196, -0.405023, -0.389054, -0.318122, -0.389452, -0.3887, -0.033858, -0.033858, -0.911875], [0.16667, -0.39344, 1.0, 0.72264, 0.70376, 0.557218, 0.605278, 0.566792, -0.341194, 0.348029, 0.704852, 0.609674, -0.333441, 0.508142, 0.67057, -0.309311, -0.958695, 0.940707, 0.855021, 0.985988, -0.140671, 0.807013, 0.801308, 0.817332, 0.802278, 0.424156, 0.784218, 0.777435, 0.770465, 0.781349, 0.409294, 0.703387, 0.700529, 0.000583, -0.001048, 0.290386, -0.358178, 0.568872, 0.57463, -0.95699, -0.85332, -0.341883, 0.622698, 0.53848, 0.621728, 0.621744, 0.629212, 0.472294, -0.016284, 0.707316, 0.620279, 0.000472, 0.020249, 0.018895, -0.258496, 0.538478, 0.347998, 0.508154, 0.050003, 0.048813, 0.048233, 0.326517, 0.333256, 0.316239, -0.13893, 0.359387, -0.002521, 0.498427, 0.429672, 0.680381, 0.579494, 0.245623, 0.70136, 0.513416, 0.705998, 0.696191, 0.718592, 0.518877, 0.71932, 0.715319, 0.009415, 0.009415, 0.640769], [0.345851, -0.572029, 0.72264, 1.0, 0.93175, 0.755049, 0.743871, 0.578154, -0.597478, 0.258673, 0.825608, 0.652347, -0.553817, 0.538217, 0.789511, 0.006888, -0.538303, 0.490512, 0.819521, 0.656895, -0.574927, 0.904476, 0.867524, 0.868518, 0.885698, 0.517792, 0.873042, 0.842143, 0.845431, 0.85857, 0.51843, 0.859557, 0.856843, 0.003415, -0.000277, 0.427098, -0.285644, 0.871695, 0.81994, -0.53155, -0.537029, -0.596952, 0.679236, 0.575007, 0.673265, 0.673262, 0.755537, 0.676517, 0.156077, 0.863225, 0.783939, 0.003368, 0.02235, 0.02038, -0.349273, 0.575005, 0.258607, 0.538236, 0.168208, 0.167368, 0.167289, 0.481046, 0.48756, 0.469348, 0.004243, 0.295845, -0.007044, 0.521823, 0.613752, 0.788331, 0.848385, 0.417866, 0.551119, 0.488111, 0.560026, 0.537581, 0.535237, 0.485057, 0.536219, 0.53104, 0.004528, 0.004528, 0.726449], [0.279909, -0.514749, 0.70376, 0.93175, 1.0, 0.779362, 0.805576, 0.629977, -0.555026, 0.318224, 0.842908, 0.711557, -0.480073, 0.5994, 0.802189, 0.077461, -0.519193, 0.471718, 0.796474, 0.638993, -0.576955, 0.836084, 0.801577, 0.798547, 0.815482, 0.477439, 0.903346, 0.868403, 0.861196, 0.888597, 0.547556, 0.860562, 0.871064, -0.007868, -0.000184, 0.425346, -0.252739, 0.805732, 0.875636, -0.521488, -0.402182, -0.554859, 0.724787, 0.626814, 0.726904, 0.726901, 0.740251, 0.624345, 0.178336, 0.867424, 0.787263, -0.007845, 0.022897, 0.021145, -0.129961, 0.626812, 0.318155, 0.599412, 0.033197, 0.031193, 0.032147, 0.51155, 0.517784, 0.501016, -0.285107, 0.32343, 0.002019, 0.594729, 0.575444, 0.778307, 0.840806, 0.366247, 0.50919, 0.481289, 0.518621, 0.497272, 0.493028, 0.459559, 0.493055, 0.491423, -0.0245, -0.024499, 0.678581], [0.090526, -0.197679, 0.557218, 0.755049, 0.779362, 1.0, 0.700146, 0.887648, -0.172393, 0.703352, 0.749091, 0.623238, -0.189934, 0.530258, 0.576944, 0.264045, -0.405023, 0.363373, 0.585407, 0.499502, -0.439045, 0.6366, 0.598113, 0.567435, 0.617615, 0.387657, 0.685097, 0.645452, 0.64752, 0.671855, 0.383508, 0.712667, 0.698414, -0.009861, -0.001023, 0.194325, -0.356667, 0.568123, 0.583999, -0.404528, -0.344575, -0.1714, 0.653627, 0.596545, 0.626065, 0.626065, 0.498638, 0.331309, -0.081416, 0.710692, 0.507443, -0.009914, 0.025203, 0.023727, -0.046552, 0.596544, 0.703307, 0.530267, 0.200652, 0.199678, 0.199598, 0.401899, 0.410094, 0.393872, -0.145213, 0.726842, -0.005874, 0.522527, 0.333916, 0.53047, 0.858229, 0.122809, 0.323784, 0.430114, 0.337548, 0.303064, 0.332018, 0.411807, 0.332717, 0.32318, -0.025113, -0.025113, 0.366168], [0.045527, -0.287126, 0.605278, 0.743871, 0.805576, 0.700146, 1.0, 0.635422, -0.295903, 0.416703, 0.722989, 0.960336, -0.165562, 0.925896, 0.812995, 0.304414, -0.451484, 0.412752, 0.609284, 0.563347, -0.510196, 0.625664, 0.586501, 0.598789, 0.614439, 0.24933, 0.66546, 0.62646, 0.670948, 0.656704, 0.436103, 0.708551, 0.745425, -0.009732, -0.001009, 0.538944, -0.39616, 0.568017, 0.620314, -0.452688, -0.352073, -0.293623, 0.945973, 0.917134, 0.941566, 0.941579, 0.548467, 0.464473, 0.177891, 0.717767, 0.560093, -0.009784, 0.015773, 0.014278, -0.095942, 0.917133, 0.416646, 0.925909, 0.02119, 0.019711, 0.020731, 0.553785, 0.551721, 0.546832, -0.239971, 0.425728, -0.003659, 0.919873, 0.396188, 0.604195, 0.676662, 0.154035, 0.333805, 0.312889, 0.339785, 0.322183, 0.316302, 0.293387, 0.315771, 0.316585, -0.024784, -0.024784, 0.419289], [0.083538, -0.187204, 0.566792, 0.578154, 0.629977, 0.887648, 0.635422, 1.0, -0.058575, 0.846291, 0.751257, 0.655995, -0.157823, 0.557826, 0.575382, 0.200842, -0.474444, 0.452398, 0.413072, 0.520087, -0.192619, 0.476069, 0.440335, 0.499387, 0.45699, 0.196724, 0.537378, 0.501448, 0.613111, 0.524972, 0.213763, 0.678547, 0.670936, -0.009861, -0.001023, 0.211225, -0.372325, 0.421479, 0.462246, -0.477489, -0.39775, -0.057618, 0.683562, 0.64518, 0.653007, 0.653024, 0.49521, 0.330947, -0.075915, 0.67777, 0.483705, -0.009914, 0.025113, 0.023937, 0.002124, 0.645179, 0.84626, 0.557828, 0.045099, 0.042621, 0.043392, 0.389332, 0.394616, 0.384067, -0.172725, 0.844833, -0.005874, 0.559964, 0.332379, 0.529584, 0.605476, 0.114092, 0.298448, 0.41236, 0.312537, 0.280157, 0.306935, 0.393727, 0.307527, 0.298934, -0.025114, -0.025114, 0.343352], [-0.771781, 0.931801, -0.341194, -0.597478, -0.555026, -0.172393, -0.295903, -0.058575, 1.0, 0.282837, -0.639226, -0.25545, 0.878862, -0.136476, -0.631745, 0.4428, 0.190281, -0.168503, -0.443986, -0.285841, 0.327685, -0.537341, -0.51939, -0.652768, -0.524272, -0.21078, -0.506316, -0.492063, -0.652702, -0.496259, -0.203075, -0.666298, -0.664655, -0.005951, -0.000617, -0.411854, -0.333206, -0.850082, -0.807216, 0.185407, 0.219881, 0.998805, -0.268714, -0.151265, -0.311293, -0.311273, -0.661306, -0.845203, -0.564596, -0.669314, -0.830995, -0.005983, -0.01706, -0.016166, 0.327063, -0.151264, 0.282919, -0.136485, 0.061276, 0.06232, 0.062609, -0.353442, -0.353041, -0.352955, -0.054184, 0.253665, -0.003545, -0.126529, -0.854018, -0.684714, -0.308206, -0.848843, -0.37245, -0.292425, -0.375103, -0.366675, -0.343871, -0.295361, -0.344138, -0.343657, -0.015156, -0.015156, -0.849434], [-0.168536, 0.134861, 0.348029, 0.258673, 0.318224, 0.703352, 0.416703, 0.846291, 0.282837, 1.0, 0.47214, 0.465354, 0.148113, 0.41988, 0.268167, 0.303335, -0.332707, 0.320412, 0.181033, 0.329495, -0.018061, 0.201613, 0.185974, 0.198334, 0.194279, 0.110331, 0.262485, 0.244837, 0.294828, 0.259901, 0.096538, 0.361572, 0.344143, -0.009861, -0.001023, 0.021465, -0.398809, 0.056176, 0.104757, -0.336437, -0.263234, 0.28334, 0.494243, 0.516384, 0.449159, 0.44919, 0.178566, 0.026989, -0.246829, 0.355993, 0.124174, -0.009914, 0.021422, 0.022102, 0.101035, 0.516385, 0.999998, 0.419869, 0.086138, 0.083711, 0.084059, 0.134767, 0.139883, 0.146551, -0.15216, 0.980571, -0.005874, 0.422698, 0.008081, 0.215343, 0.396103, -0.165358, 0.111241, 0.203322, 0.117409, 0.094393, 0.117707, 0.18453, 0.117213, 0.11309, -0.025112, -0.025112, 3.1e-05], [0.469612, -0.683976, 0.704852, 0.825608, 0.842908, 0.749091, 0.722989, 0.751257, -0.639226, 0.47214, 1.0, 0.718649, -0.63621, 0.575275, 0.895857, -0.106287, -0.55352, 0.521563, 0.668682, 0.644837, -0.359925, 0.755993, 0.728678, 0.808348, 0.741747, 0.3257, 0.775414, 0.751407, 0.888624, 0.766818, 0.373659, 0.926193, 0.91685, -0.005175, -0.000537, 0.483112, -0.137271, 0.82083, 0.832639, -0.552174, -0.502722, -0.638106, 0.749171, 0.649424, 0.752861, 0.752858, 0.788855, 0.744863, 0.305743, 0.925858, 0.851492, -0.005203, 0.029084, 0.028144, -0.247742, 0.649423, 0.472069, 0.575284, -0.006206, -0.008625, -0.008464, 0.481718, 0.482208, 0.483164, -0.122716, 0.487157, -0.003083, 0.568166, 0.736832, 0.828673, 0.668176, 0.55579, 0.497967, 0.448045, 0.50521, 0.48533, 0.489404, 0.436001, 0.489236, 0.486195, -0.013179, -0.013179, 0.77316], [0.041356, -0.287766, 0.609674, 0.652347, 0.711557, 0.623238, 0.960336, 0.655995, -0.25545, 0.465354, 0.718649, 1.0, -0.144604, 0.954693, 0.825373, 0.270037, -0.492342, 0.462528, 0.530002, 0.575291, -0.383731, 0.548404, 0.515746, 0.573986, 0.539775, 0.157654, 0.583094, 0.553312, 0.648616, 0.57668, 0.371902, 0.683716, 0.718438, -0.009725, -0.001008, 0.577252, -0.408798, 0.490524, 0.540808, -0.492514, -0.393226, -0.253118, 0.985629, 0.951448, 0.979925, 0.979933, 0.556144, 0.470446, 0.203793, 0.690997, 0.535867, -0.009777, 0.015495, 0.014448, -0.148832, 0.951446, 0.465303, 0.954693, -0.015579, -0.017054, -0.016259, 0.488087, 0.482353, 0.488222, -0.239787, 0.476093, -0.003858, 0.947576, 0.394453, 0.605869, 0.545887, 0.148416, 0.311945, 0.269869, 0.315684, 0.30436, 0.291582, 0.252075, 0.290766, 0.293458, -0.024765, -0.024765, 0.408507], [-0.813326, 0.923163, -0.333441, -0.553817, -0.480073, -0.189934, -0.165562, -0.157823, 0.878862, 0.148113, -0.63621, -0.144604, 1.0, -0.013405, -0.633115, 0.478455, 0.203751, -0.1888, -0.371103, -0.280696, 0.218809, -0.514492, -0.495381, -0.642409, -0.503188, -0.162858, -0.459361, -0.448116, -0.64288, -0.451476, -0.129178, -0.658797, -0.65127, -0.005894, -0.000611, -0.407471, -0.331088, -0.811187, -0.745073, 0.199352, 0.269171, 0.880102, -0.170364, -0.06922, -0.179247, -0.179231, -0.658302, -0.837123, -0.559615, -0.660079, -0.820897, -0.005926, -0.016897, -0.016011, 0.335398, -0.069219, 0.148175, -0.013409, 0.060819, 0.062164, 0.062521, -0.34893, -0.348471, -0.348466, -0.145343, 0.122358, -0.00291, -0.008733, -0.849072, -0.673686, -0.249526, -0.842612, -0.386508, -0.286353, -0.388554, -0.382505, -0.369068, -0.289154, -0.369225, -0.369128, -0.015011, -0.015011, -0.841701], [-0.053219, -0.161835, 0.508142, 0.538217, 0.5994, 0.530258, 0.925896, 0.557826, -0.136476, 0.41988, 0.575275, 0.954693, -0.013405, 1.0, 0.731326, 0.356922, -0.405513, 0.378539, 0.42766, 0.486609, -0.371553, 0.430314, 0.39835, 0.445294, 0.427496, 0.082311, 0.465554, 0.435661, 0.512523, 0.463499, 0.317169, 0.559444, 0.59763, -0.009725, -0.001008, 0.548544, -0.422813, 0.359096, 0.410355, -0.406125, -0.306221, -0.134182, 0.931909, 0.969969, 0.933064, 0.933076, 0.426007, 0.343954, 0.170458, 0.568743, 0.399168, -0.009777, 0.014746, 0.014099, -0.096105, 0.969969, 0.419845, 0.999994, -0.011063, -0.012164, -0.011577, 0.492894, 0.486493, 0.492675, -0.239794, 0.428293, -0.003783, 0.99543, 0.270733, 0.481748, 0.457338, 0.040395, 0.214884, 0.165372, 0.215217, 0.20689, 0.192637, 0.14729, 0.191492, 0.195764, -0.024766, -0.024766, 0.270706], [0.420356, -0.676481, 0.67057, 0.789511, 0.802189, 0.576944, 0.812995, 0.575382, -0.631745, 0.268167, 0.895857, 0.825373, -0.633115, 0.731326, 1.0, -0.042197, -0.51891, 0.487347, 0.641899, 0.623771, -0.412775, 0.723571, 0.697855, 0.776839, 0.718044, 0.231179, 0.724932, 0.705925, 0.840688, 0.722, 0.400283, 0.864034, 0.886395, -0.005126, -0.000532, 0.686277, -0.168285, 0.780387, 0.790046, -0.516272, -0.469937, -0.630617, 0.827593, 0.753347, 0.831608, 0.831605, 0.772655, 0.753866, 0.453793, 0.870264, 0.81085, -0.005153, 0.018716, 0.017621, -0.307625, 0.753346, 0.268098, 0.731314, -0.056302, -0.058047, -0.057738, 0.549165, 0.543113, 0.551156, -0.126389, 0.290619, -0.001446, 0.723454, 0.714524, 0.811027, 0.558624, 0.52043, 0.449551, 0.312922, 0.449911, 0.446354, 0.434122, 0.301757, 0.433261, 0.436421, -0.013053, -0.013053, 0.738914], [-0.561893, 0.517283, -0.309311, 0.006888, 0.077461, 0.264045, 0.304414, 0.200842, 0.4428, 0.303335, -0.106287, 0.270037, 0.478455, 0.356922, -0.042197, 1.0, 0.384903, -0.415078, -0.212152, -0.32892, -0.338266, -0.174925, -0.193786, -0.293458, -0.177118, -0.037987, -0.097105, -0.112662, -0.224922, -0.099413, 0.156401, -0.115974, -0.111897, -0.009882, -0.001025, 0.12379, -0.476676, -0.276604, -0.215129, 0.383927, 0.43579, 0.443095, 0.268968, 0.345739, 0.252769, 0.252751, -0.132928, -0.351189, -0.206327, -0.117979, -0.340198, -0.009935, -0.005615, -0.005185, 0.163532, 0.34574, 0.303333, 0.356916, 0.047329, 0.047598, 0.048381, 0.100693, 0.091452, 0.106455, -0.149455, 0.29739, -0.004895, 0.365693, -0.366934, -0.161591, 0.178477, -0.525359, -0.438488, -0.293721, -0.440026, -0.440815, -0.458037, -0.30397, -0.45879, -0.456098, -0.025167, -0.025167, -0.477547], [-0.069425, 0.260913, -0.958695, -0.538303, -0.519193, -0.405023, -0.451484, -0.474444, 0.190281, -0.332707, -0.55352, -0.492342, 0.203751, -0.405513, -0.51891, 0.384903, 1.0, -0.995969, -0.77039, -0.972266, -0.041687, -0.682205, -0.692167, -0.708923, -0.683876, -0.371853, -0.654715, -0.662293, -0.646373, -0.657107, -0.329668, -0.541585, -0.537164, -0.000396, 0.001131, -0.18031, 0.362767, -0.377062, -0.385862, 0.998931, 0.891476, 0.191144, -0.502713, -0.431187, -0.501478, -0.501496, -0.495023, -0.325607, 0.113292, -0.545021, -0.462369, -0.000277, -0.017523, -0.016592, 0.238209, -0.431185, -0.332698, -0.405526, -0.010243, -0.009314, -0.008333, -0.177679, -0.184341, -0.171111, 0.129737, -0.336484, 0.002524, -0.39755, -0.280412, -0.544923, -0.413891, -0.132081, -0.687678, -0.47883, -0.690547, -0.686609, -0.712415, -0.488504, -0.713023, -0.709565, -0.013795, -0.013795, -0.529148], [0.06774, -0.247499, 0.940707, 0.490512, 0.471718, 0.363373, 0.412752, 0.452398, -0.168503, 0.320412, 0.521563, 0.462528, -0.1888, 0.378539, 0.487347, -0.415078, -0.995969, 1.0, 0.734258, 0.957311, 0.090385, 0.642731, 0.653446, 0.682872, 0.644699, 0.336822, 0.613893, 0.622317, 0.619677, 0.616628, 0.290382, 0.510207, 0.506189, 2.9e-05, -0.001149, 0.158236, -0.34267, 0.341524, 0.351211, -0.995733, -0.887714, -0.169395, 0.472316, 0.404316, 0.47136, 0.47138, 0.465346, 0.30305, -0.119078, 0.513728, 0.439507, -9e-05, 0.016467, 0.015631, -0.226024, 0.404314, 0.320407, 0.378554, -0.00056, -0.001453, -0.002457, 0.157248, 0.163967, 0.150492, -0.127268, 0.32203, -0.002569, 0.371394, 0.262666, 0.517224, 0.366259, 0.125381, 0.684691, 0.475985, 0.687518, 0.683833, 0.709646, 0.485763, 0.710263, 0.706834, 0.014414, 0.014414, 0.51337], [0.181766, -0.401571, 0.855021, 0.819521, 0.796474, 0.585407, 0.609284, 0.413072, -0.443986, 0.181033, 0.668682, 0.530002, -0.371103, 0.42766, 0.641899, -0.212152, -0.77039, 0.734258, 1.0, 0.84675, -0.396246, 0.907743, 0.912067, 0.805547, 0.910608, 0.627149, 0.894237, 0.898364, 0.740025, 0.898041, 0.624622, 0.644461, 0.645467, 0.001701, -0.000625, 0.287692, -0.308198, 0.659304, 0.664286, -0.767083, -0.690476, -0.444972, 0.545303, 0.441796, 0.543372, 0.543387, 0.589296, 0.470974, 0.018321, 0.649281, 0.588038, 0.001628, 0.019843, 0.018625, -0.295164, 0.441794, 0.180986, 0.42768, 0.07243, 0.071611, 0.070965, 0.285326, 0.290428, 0.279927, -0.126255, 0.199479, -0.001359, 0.4151, 0.413432, 0.655262, 0.707783, 0.259553, 0.704035, 0.484008, 0.706044, 0.702895, 0.716887, 0.493182, 0.717289, 0.714134, 0.002763, 0.002764, 0.626749], [0.121199, -0.338726, 0.985988, 0.656895, 0.638993, 0.499502, 0.563347, 0.520087, -0.285841, 0.329495, 0.644837, 0.575291, -0.280696, 0.486609, 0.623771, -0.32892, -0.972266, 0.957311, 0.84675, 1.0, -0.111002, 0.764889, 0.765941, 0.776925, 0.770592, 0.392804, 0.737703, 0.737031, 0.723371, 0.74271, 0.384116, 0.637315, 0.633992, 0.000309, -0.001108, 0.272827, -0.364325, 0.498778, 0.505592, -0.97104, -0.865527, -0.286594, 0.587608, 0.513177, 0.586846, 0.586865, 0.569657, 0.413623, -0.034145, 0.641227, 0.552786, 0.000194, 0.019691, 0.018233, -0.25052, 0.513175, 0.32947, 0.486631, 0.037481, 0.036321, 0.035584, 0.296024, 0.301743, 0.288184, -0.134888, 0.339163, -0.002584, 0.47858, 0.371146, 0.624324, 0.518309, 0.19916, 0.703939, 0.477917, 0.70516, 0.701683, 0.727262, 0.486034, 0.727915, 0.724702, 0.009652, 0.009652, 0.593371], [-0.092467, 0.209483, -0.140671, -0.574927, -0.576955, -0.439045, -0.510196, -0.192619, 0.327685, -0.018061, -0.359925, -0.383731, 0.218809, -0.371553, -0.412775, -0.338266, -0.041687, 0.090385, -0.396246, -0.111002, 1.0, -0.360739, -0.322717, -0.32354, -0.355537, -0.045258, -0.399275, -0.367343, -0.353437, -0.393746, -0.210974, -0.409711, -0.414159, -0.002409, -0.000203, -0.378548, 0.150806, -0.465557, -0.466005, -0.043159, -0.039308, 0.3262, -0.395362, -0.364396, -0.400102, -0.4001, -0.325297, -0.284458, -0.217862, -0.411146, -0.326455, -0.002417, -0.00633, -0.004278, 0.096502, -0.364396, -0.018004, -0.371531, -0.142298, -0.142008, -0.142652, -0.37856, -0.37812, -0.377278, 0.056529, -0.043901, -0.001663, -0.365369, -0.246608, -0.349996, -0.557727, -0.121072, -0.052545, -0.060225, -0.052269, -0.046269, -0.027045, -0.04483, -0.027126, -0.028226, 0.015809, 0.015809, -0.232474], [0.312124, -0.530334, 0.807013, 0.904476, 0.836084, 0.6366, 0.625664, 0.476069, -0.537341, 0.201613, 0.755993, 0.548404, -0.514492, 0.430314, 0.723571, -0.174925, -0.682205, 0.642731, 0.907743, 0.764889, -0.360739, 1.0, 0.992727, 0.865948, 0.995515, 0.696046, 0.918596, 0.911875, 0.806616, 0.915729, 0.597213, 0.746902, 0.742415, 0.002644, -2.2e-05, 0.344166, -0.287282, 0.778445, 0.72804, -0.675117, -0.672638, -0.538197, 0.569848, 0.461383, 0.561486, 0.561485, 0.67929, 0.59788, 0.081486, 0.750952, 0.693499, 0.002627, 0.019156, 0.017758, -0.367404, 0.461381, 0.201561, 0.430326, 0.10322, 0.102463, 0.10209, 0.359986, 0.365556, 0.351331, 0.026334, 0.231257, -0.005378, 0.415679, 0.533837, 0.73261, 0.742143, 0.377017, 0.702701, 0.515537, 0.707384, 0.697834, 0.720482, 0.52099, 0.721157, 0.717146, 0.012781, 0.012781, 0.725125], [0.290247, -0.511602, 0.801308, 0.867524, 0.801577, 0.598113, 0.586501, 0.440335, -0.51939, 0.185974, 0.728678, 0.515746, -0.495381, 0.39835, 0.697855, -0.193786, -0.692167, 0.653446, 0.912067, 0.765941, -0.322717, 0.992727, 1.0, 0.8497, 0.993921, 0.722036, 0.90964, 0.914698, 0.778476, 0.911171, 0.624559, 0.701003, 0.694423, 0.002778, -2e-05, 0.335578, -0.292243, 0.743698, 0.695199, -0.684038, -0.677837, -0.520411, 0.535555, 0.425136, 0.528665, 0.528664, 0.665742, 0.572698, 0.071879, 0.704221, 0.65295, 0.002761, 0.018991, 0.018025, -0.39119, 0.425133, 0.185923, 0.398362, 0.090647, 0.089933, 0.089433, 0.315368, 0.319505, 0.311704, 0.022461, 0.21718, -0.005378, 0.382149, 0.510987, 0.712065, 0.700633, 0.361585, 0.690318, 0.481704, 0.693209, 0.689714, 0.715538, 0.491107, 0.715997, 0.712761, 0.016055, 0.016055, 0.704087], [0.453571, -0.687744, 0.817332, 0.868518, 0.798547, 0.567435, 0.598789, 0.499387, -0.652768, 0.198334, 0.808348, 0.573986, -0.642409, 0.445294, 0.776839, -0.293458, -0.708923, 0.682872, 0.805547, 0.776925, -0.32354, 0.865948, 0.8497, 1.0, 0.858138, 0.402076, 0.817089, 0.804983, 0.914846, 0.810378, 0.400008, 0.827374, 0.82658, 0.002417, -0.000583, 0.411444, -0.16336, 0.836314, 0.795095, -0.701919, -0.673027, -0.651941, 0.598509, 0.484198, 0.602443, 0.60244, 0.768746, 0.725553, 0.218087, 0.831736, 0.824418, 0.002344, 0.022304, 0.020846, -0.424833, 0.484195, 0.198281, 0.445312, 0.142422, 0.141807, 0.14134, 0.400908, 0.405612, 0.395845, -0.045725, 0.236902, -0.003348, 0.424639, 0.684241, 0.826796, 0.641106, 0.53497, 0.699, 0.545108, 0.704152, 0.690978, 0.683644, 0.554542, 0.684303, 0.680333, 0.008426, 0.008426, 0.854488], [0.301196, -0.517549, 0.802278, 0.885698, 0.815482, 0.617615, 0.614439, 0.45699, -0.524272, 0.194279, 0.741747, 0.539775, -0.503188, 0.427496, 0.718044, -0.177118, -0.683876, 0.644699, 0.910608, 0.770592, -0.355537, 0.995515, 0.993921, 0.858138, 1.0, 0.6932, 0.909714, 0.90844, 0.791151, 0.913569, 0.604504, 0.724629, 0.718774, 0.002546, -2.1e-05, 0.35262, -0.292033, 0.759853, 0.707034, -0.676275, -0.674382, -0.525204, 0.561527, 0.457086, 0.553241, 0.55324, 0.665655, 0.583515, 0.08697, 0.728269, 0.668975, 0.002531, 0.020274, 0.018833, -0.381086, 0.457083, 0.194228, 0.427511, 0.109532, 0.108821, 0.108396, 0.353683, 0.358259, 0.347192, 0.029455, 0.226406, -0.005378, 0.412067, 0.521156, 0.716787, 0.720606, 0.366337, 0.705414, 0.481202, 0.706622, 0.703679, 0.728981, 0.488995, 0.729369, 0.726496, 0.012962, 0.012962, 0.709241], [0.036176, -0.145534, 0.424156, 0.517792, 0.477439, 0.387657, 0.24933, 0.196724, -0.21078, 0.110331, 0.3257, 0.157654, -0.162858, 0.082311, 0.231179, -0.037987, -0.371853, 0.336822, 0.627149, 0.392804, -0.045258, 0.696046, 0.722036, 0.402076, 0.6932, 1.0, 0.619503, 0.636767, 0.342384, 0.61958, 0.594703, 0.273417, 0.276021, 0.00121, 0.000663, -0.055202, -0.304683, 0.350399, 0.315699, -0.367856, -0.395288, -0.21213, 0.167303, 0.096741, 0.158616, 0.158617, 0.310529, 0.212684, -0.256039, 0.279534, 0.227037, 0.001272, 0.012602, 0.014093, -0.158288, 0.09674, 0.11032, 0.082329, -0.00656, -0.006734, -0.006995, -0.011014, -0.00359, -0.017254, 0.09587, 0.111717, -0.005287, 0.079736, 0.120658, 0.321967, 0.476054, 0.063877, 0.408938, 0.288205, 0.410981, 0.411318, 0.429536, 0.297938, 0.428971, 0.428563, 0.017456, 0.017456, 0.304186], [0.264832, -0.482464, 0.784218, 0.873042, 0.903346, 0.685097, 0.66546, 0.537378, -0.506316, 0.262485, 0.775414, 0.583094, -0.459361, 0.465554, 0.724932, -0.097105, -0.654715, 0.613893, 0.894237, 0.737703, -0.399275, 0.918596, 0.90964, 0.817089, 0.909714, 0.619503, 1.0, 0.993328, 0.826695, 0.996762, 0.7004, 0.755682, 0.758076, -0.006303, -0.000394, 0.32229, -0.267416, 0.740602, 0.786182, -0.654176, -0.566594, -0.507325, 0.598737, 0.493804, 0.596165, 0.596162, 0.684149, 0.560388, 0.077843, 0.760956, 0.704681, -0.00631, 0.020468, 0.019298, -0.222254, 0.493802, 0.262431, 0.465565, 0.016459, 0.01484, 0.014938, 0.371274, 0.377595, 0.362705, -0.216061, 0.268649, 0.000712, 0.458904, 0.509414, 0.739671, 0.760726, 0.337571, 0.662819, 0.512155, 0.668571, 0.658149, 0.667792, 0.49608, 0.668051, 0.666344, -0.018295, -0.018294, 0.68288], [0.248409, -0.469091, 0.777435, 0.842143, 0.868403, 0.645452, 0.62646, 0.501448, -0.492063, 0.244837, 0.751407, 0.553312, -0.448116, 0.435661, 0.705925, -0.112662, -0.662293, 0.622317, 0.898364, 0.737031, -0.367343, 0.911875, 0.914698, 0.804983, 0.90844, 0.636767, 0.993328, 1.0, 0.801241, 0.994924, 0.734351, 0.713902, 0.713571, -0.006263, -0.000393, 0.322846, -0.274031, 0.709789, 0.754892, -0.660214, -0.575732, -0.493246, 0.569109, 0.461622, 0.567155, 0.567152, 0.676599, 0.540469, 0.075097, 0.717843, 0.668501, -0.00627, 0.020387, 0.019648, -0.266941, 0.46162, 0.244784, 0.435673, 0.005284, 0.003808, 0.003694, 0.321498, 0.325859, 0.318388, -0.216061, 0.254187, 0.000299, 0.426842, 0.49147, 0.725545, 0.719767, 0.325118, 0.654228, 0.474102, 0.657648, 0.653948, 0.663963, 0.460327, 0.664092, 0.66347, -0.018157, -0.018156, 0.664448], [0.480957, -0.690833, 0.770465, 0.845431, 0.861196, 0.64752, 0.670948, 0.613111, -0.652702, 0.294828, 0.888624, 0.648616, -0.64288, 0.512523, 0.840688, -0.224922, -0.646373, 0.619677, 0.740025, 0.723371, -0.353437, 0.806616, 0.778476, 0.914846, 0.791151, 0.342384, 0.826695, 0.801241, 1.0, 0.81758, 0.353598, 0.903465, 0.904936, -0.004312, -0.000535, 0.428691, -0.132455, 0.829341, 0.844329, -0.646313, -0.593191, -0.652136, 0.670859, 0.561794, 0.678818, 0.678816, 0.771323, 0.722382, 0.254403, 0.908358, 0.865728, -0.004344, 0.025256, 0.023939, -0.267558, 0.561792, 0.294772, 0.512543, -0.012211, -0.014159, -0.014249, 0.440874, 0.446341, 0.435823, -0.127206, 0.306615, 0.000869, 0.505518, 0.696196, 0.829997, 0.677022, 0.54506, 0.62737, 0.563833, 0.634912, 0.614037, 0.60907, 0.551594, 0.609532, 0.605263, -0.01102, -0.011019, 0.843341], [0.257446, -0.472974, 0.781349, 0.85857, 0.888597, 0.671855, 0.656704, 0.524972, -0.496259, 0.259901, 0.766818, 0.57668, -0.451476, 0.463499, 0.722, -0.099413, -0.657107, 0.616628, 0.898041, 0.74271, -0.393746, 0.915729, 0.911171, 0.810378, 0.913569, 0.61958, 0.996762, 0.994924, 0.81758, 1.0, 0.70861, 0.739294, 0.740767, -0.006291, -0.000393, 0.327016, -0.270663, 0.725681, 0.77109, -0.656299, -0.569219, -0.497352, 0.592931, 0.491575, 0.590322, 0.590318, 0.673546, 0.549709, 0.080988, 0.744322, 0.686452, -0.006298, 0.021394, 0.02016, -0.23061, 0.491573, 0.259849, 0.463515, 0.017595, 0.015995, 0.016011, 0.365504, 0.371086, 0.358622, -0.216061, 0.266812, 0.000527, 0.456655, 0.499481, 0.728148, 0.744138, 0.329364, 0.668138, 0.487262, 0.670921, 0.6659, 0.675817, 0.471999, 0.675815, 0.675293, -0.018275, -0.018274, 0.670231], [-0.078707, -0.124139, 0.409294, 0.51843, 0.547556, 0.383508, 0.436103, 0.213763, -0.203075, 0.096538, 0.373659, 0.371902, -0.129178, 0.317169, 0.400283, 0.156401, -0.329668, 0.290382, 0.624622, 0.384116, -0.210974, 0.597213, 0.624559, 0.400008, 0.604504, 0.594703, 0.7004, 0.734351, 0.353598, 0.70861, 1.0, 0.275007, 0.275125, -0.005891, -0.000111, 0.235538, -0.330248, 0.344738, 0.392324, -0.323218, -0.250185, -0.204387, 0.373076, 0.302905, 0.36616, 0.366155, 0.365149, 0.22622, -0.017173, 0.274393, 0.236574, -0.005871, 0.010968, 0.012789, -0.28292, 0.302902, 0.096492, 0.317171, -0.009401, -0.009493, -0.01046, 0.11344, 0.102416, 0.122363, -0.215226, 0.118359, -0.000797, 0.303829, 0.170185, 0.377576, 0.440371, 0.034912, 0.308869, 0.172915, 0.309004, 0.315859, 0.321208, 0.163735, 0.321136, 0.32375, -0.017923, -0.017921, 0.247124], [0.517024, -0.713437, 0.703387, 0.859557, 0.860562, 0.712667, 0.708551, 0.678547, -0.666298, 0.361572, 0.926193, 0.683716, -0.658797, 0.559444, 0.864034, -0.115974, -0.541585, 0.510207, 0.644461, 0.637315, -0.409711, 0.746902, 0.701003, 0.827374, 0.724629, 0.273417, 0.755682, 0.713902, 0.903465, 0.739294, 0.275007, 1.0, 0.974358, 0.011138, -0.000518, 0.470528, -0.109205, 0.854323, 0.851276, -0.540852, -0.492029, -0.666996, 0.710744, 0.62, 0.72269, 0.722688, 0.799788, 0.750004, 0.307052, 0.99584, 0.908291, 0.011026, 0.027698, 0.025681, -0.238681, 0.619999, 0.36151, 0.559461, 0.01557, 0.013037, 0.013144, 0.507873, 0.515326, 0.498395, -0.105367, 0.377896, -0.002977, 0.553291, 0.746328, 0.833047, 0.721093, 0.575364, 0.505859, 0.466346, 0.512762, 0.489358, 0.485939, 0.453489, 0.486079, 0.482141, -0.012726, -0.012726, 0.828575], [0.505309, -0.706449, 0.700529, 0.856843, 0.871064, 0.698414, 0.745425, 0.670936, -0.664655, 0.344143, 0.91685, 0.718438, -0.65127, 0.59763, 0.886395, -0.111897, -0.537164, 0.506189, 0.645467, 0.633992, -0.414159, 0.742415, 0.694423, 0.82658, 0.718774, 0.276021, 0.758076, 0.713571, 0.904936, 0.740767, 0.275125, 0.974358, 1.0, -0.004948, 0.000888, 0.48272, -0.119082, 0.847279, 0.857639, -0.537807, -0.4863, -0.663398, 0.726739, 0.639748, 0.736655, 0.736652, 0.793024, 0.752147, 0.30954, 0.986265, 0.906636, -0.00483, 0.02728, 0.02521, -0.198553, 0.639747, 0.344083, 0.597642, -0.022072, -0.024287, -0.023043, 0.52889, 0.536958, 0.517991, -0.122013, 0.354557, -0.001541, 0.593017, 0.730806, 0.833661, 0.701546, 0.554726, 0.515304, 0.479729, 0.522928, 0.500967, 0.488555, 0.463178, 0.488268, 0.486912, -0.012602, -0.012602, 0.819281], [-0.000276, -0.006323, 0.000583, 0.003415, -0.007868, -0.009861, -0.009732, -0.009861, -0.005951, -0.009861, -0.005175, -0.009725, -0.005894, -0.009725, -0.005126, -0.009882, -0.000396, 2.9e-05, 0.001701, 0.000309, -0.002409, 0.002644, 0.002778, 0.002417, 0.002546, 0.00121, -0.006303, -0.006263, -0.004312, -0.006291, -0.005891, 0.011138, -0.004948, 1.0, -5e-06, -0.003065, 0.005233, 0.006533, -0.006709, 0.000295, -0.004689, -0.005938, -0.009883, -0.009883, -0.009599, -0.009599, 0.012361, 0.001259, 0.001742, 0.00908, -0.003305, 0.994667, -0.000127, -0.00012, -0.007192, -0.009883, -0.009861, -0.009725, -0.001383, -0.001383, -0.001383, -0.002663, -0.002664, -0.002663, 0.026225, -0.009836, -2.6e-05, -0.009717, 0.00697, -0.005114, -0.008859, 0.011841, -0.00349, -0.002244, -0.00349, -0.00349, -0.003522, -0.002274, -0.003522, -0.003522, -0.000113, -0.000113, 0.004268], [0.001242, -0.000656, -0.001048, -0.000277, -0.000184, -0.001023, -0.001009, -0.001023, -0.000617, -0.001023, -0.000537, -0.001008, -0.000611, -0.001008, -0.000532, -0.001025, 0.001131, -0.001149, -0.000625, -0.001108, -0.000203, -2.2e-05, -2e-05, -0.000583, -2.1e-05, 0.000663, -0.000394, -0.000393, -0.000535, -0.000393, -0.000111, -0.000518, 0.000888, -5e-06, 1.0, 0.001374, -0.000258, 0.000101, 0.000312, 0.001126, 0.001156, -0.000616, -0.001025, -0.001025, -0.000995, -0.000995, 0.000984, 0.000752, 0.001327, 0.000554, 0.000228, 0.103137, -1.3e-05, -1.2e-05, 0.000349, -0.001025, -0.001023, -0.001008, -0.000143, -0.000143, -0.000143, -0.000276, -0.000276, -0.000276, -0.000113, -0.00102, -3e-06, -0.001008, -0.000664, 0.000994, -0.000919, 0.000286, -0.000362, -0.000233, -0.000362, -0.000362, -0.000365, -0.000236, -0.000365, -0.000365, -1.2e-05, -1.2e-05, 8.7e-05], [0.233647, -0.43757, 0.290386, 0.427098, 0.425346, 0.194325, 0.538944, 0.211225, -0.411854, 0.021465, 0.483112, 0.577252, -0.407471, 0.548544, 0.686277, 0.12379, -0.18031, 0.158236, 0.287692, 0.272827, -0.378548, 0.344166, 0.335578, 0.411444, 0.35262, -0.055202, 0.32229, 0.322846, 0.428691, 0.327016, 0.235538, 0.470528, 0.48272, -0.003065, 0.001374, 1.0, -0.106884, 0.441364, 0.440581, -0.173764, -0.158464, -0.410906, 0.578074, 0.543146, 0.584504, 0.584502, 0.475623, 0.491493, 0.752374, 0.470541, 0.440182, -0.002907, -0.003004, -0.003136, -0.358496, 0.543147, 0.021396, 0.548516, -0.058566, -0.059321, -0.060021, 0.434775, 0.414716, 0.459073, -0.0739, 0.05503, -0.001826, 0.537375, 0.464795, 0.518796, 0.192288, 0.270835, 0.087575, -0.045034, 0.08201, 0.093379, 0.070015, -0.045915, 0.069785, 0.07455, -0.007805, -0.007805, 0.403472], [0.503774, -0.355156, -0.358178, -0.285644, -0.252739, -0.356667, -0.39616, -0.372325, -0.333206, -0.398809, -0.137271, -0.408798, -0.331088, -0.422813, -0.168285, -0.476676, 0.362767, -0.34267, -0.308198, -0.364325, 0.150806, -0.287282, -0.292243, -0.16336, -0.292033, -0.304683, -0.267416, -0.274031, -0.132455, -0.270663, -0.330248, -0.109205, -0.119082, 0.005233, -0.000258, -0.106884, 1.0, 0.100398, 0.131609, 0.357531, 0.384196, -0.333514, -0.405711, -0.412808, -0.388855, -0.388853, -0.157166, 0.164472, 0.554968, -0.111791, 0.147575, 0.005179, -0.003744, -0.004759, 0.173286, -0.41281, -0.398811, -0.422815, -0.059712, -0.059837, -0.060592, -0.091348, -0.089811, -0.094937, -0.06134, -0.401439, 0.006309, -0.42129, 0.258608, -0.220162, -0.301924, 0.459085, -0.098736, -0.037031, -0.09556, -0.105135, -0.098657, -0.039124, -0.098105, -0.101732, -0.006335, -0.006335, 0.137445], [0.679586, -0.85398, 0.568872, 0.871695, 0.805732, 0.568123, 0.568017, 0.421479, -0.850082, 0.056176, 0.82083, 0.490524, -0.811187, 0.359096, 0.780387, -0.276604, -0.377062, 0.341524, 0.659304, 0.498778, -0.465557, 0.778445, 0.743698, 0.836314, 0.759853, 0.350399, 0.740602, 0.709789, 0.829341, 0.725681, 0.344738, 0.854323, 0.847279, 0.006533, 0.000101, 0.441364, 0.100398, 1.0, 0.928714, -0.370397, -0.399846, -0.8505, 0.516172, 0.40131, 0.522728, 0.522726, 0.762999, 0.859314, 0.430138, 0.857197, 0.922473, 0.006508, 0.019536, 0.01757, -0.356494, 0.401308, 0.056094, 0.359129, 0.114896, 0.113576, 0.113456, 0.495285, 0.4997, 0.48593, 0.040638, 0.099685, -0.006967, 0.341925, 0.867612, 0.801424, 0.646188, 0.773649, 0.506213, 0.464545, 0.515971, 0.493032, 0.493464, 0.465073, 0.494199, 0.488911, -0.029786, -0.029786, 0.884369], [0.602306, -0.800499, 0.57463, 0.81994, 0.875636, 0.583999, 0.620314, 0.462246, -0.807216, 0.104757, 0.832639, 0.540808, -0.745073, 0.410355, 0.790046, -0.215129, -0.385862, 0.351211, 0.664286, 0.505592, -0.466005, 0.72804, 0.695199, 0.795095, 0.707034, 0.315699, 0.786182, 0.754892, 0.844329, 0.77109, 0.392324, 0.851276, 0.857639, -0.006709, 0.000312, 0.440581, 0.131609, 0.928714, 1.0, -0.387632, -0.274842, -0.80795, 0.555332, 0.445396, 0.567574, 0.567572, 0.764463, 0.796658, 0.451328, 0.85727, 0.936688, -0.006641, 0.019279, 0.017388, -0.154419, 0.445393, 0.104675, 0.410366, -0.011854, -0.014152, -0.01337, 0.515115, 0.519828, 0.506254, -0.28212, 0.116339, 0.002985, 0.404398, 0.817045, 0.811521, 0.642164, 0.700978, 0.493929, 0.473125, 0.504074, 0.481989, 0.476418, 0.452077, 0.476735, 0.474769, -0.029137, -0.029137, 0.844998], [-0.06624, 0.256344, -0.95699, -0.53155, -0.521488, -0.404528, -0.452688, -0.477489, 0.185407, -0.336437, -0.552174, -0.492514, 0.199352, -0.406125, -0.516272, 0.383927, 0.998931, -0.995733, -0.767083, -0.97104, -0.043159, -0.675117, -0.684038, -0.701919, -0.676275, -0.367856, -0.654176, -0.660214, -0.646313, -0.656299, -0.323218, -0.540852, -0.537807, 0.000295, 0.001126, -0.173764, 0.357531, -0.370397, -0.387632, 1.0, 0.884241, 0.186319, -0.502512, -0.433083, -0.501381, -0.501401, -0.490964, -0.321501, 0.115399, -0.544842, -0.463012, 0.00041, -0.017437, -0.016481, 0.208061, -0.433081, -0.336428, -0.406139, 0.005206, 0.006227, 0.007122, -0.18394, -0.19095, -0.176451, 0.142355, -0.335403, -0.006866, -0.400636, -0.275933, -0.541184, -0.410942, -0.127974, -0.689611, -0.482171, -0.692586, -0.688356, -0.714258, -0.49146, -0.714791, -0.71144, -0.011718, -0.011718, -0.526027], [-0.163378, 0.300914, -0.85332, -0.537029, -0.402182, -0.344575, -0.352073, -0.39775, 0.219881, -0.263234, -0.502722, -0.393226, 0.269171, -0.306221, -0.469937, 0.43579, 0.891476, -0.887714, -0.690476, -0.865527, -0.039308, -0.672638, -0.677837, -0.673027, -0.674382, -0.395288, -0.566594, -0.575732, -0.593191, -0.569219, -0.250185, -0.492029, -0.4863, -0.004689, 0.001156, -0.158464, 0.384196, -0.399846, -0.274842, 0.884241, 1.0, 0.220574, -0.414307, -0.344517, -0.404291, -0.404309, -0.450303, -0.368982, 0.145131, -0.494616, -0.402813, -0.004545, -0.016124, -0.015274, 0.397466, -0.344515, -0.26323, -0.306233, -0.07137, -0.071396, -0.070244, -0.144124, -0.150302, -0.138501, -0.276773, -0.281635, 0.002883, -0.294803, -0.279785, -0.497755, -0.36773, -0.176187, -0.64857, -0.449867, -0.651215, -0.647569, -0.672293, -0.460099, -0.673041, -0.669391, -0.023878, -0.023877, -0.519685], [-0.772926, 0.93296, -0.341883, -0.596952, -0.554859, -0.1714, -0.293623, -0.057618, 0.998805, 0.28334, -0.638106, -0.253118, 0.880102, -0.134182, -0.630617, 0.443095, 0.191144, -0.169395, -0.444972, -0.286594, 0.3262, -0.538197, -0.520411, -0.651941, -0.525204, -0.21213, -0.507325, -0.493246, -0.652136, -0.497352, -0.204387, -0.666996, -0.663398, -0.005938, -0.000616, -0.410906, -0.333514, -0.8505, -0.80795, 0.186319, 0.220574, 1.0, -0.267045, -0.14965, -0.309952, -0.309931, -0.659789, -0.843259, -0.564085, -0.669631, -0.831493, -0.005969, -0.017021, -0.016129, 0.325833, -0.149648, 0.283423, -0.134191, 0.061365, 0.062413, 0.0627, -0.352753, -0.352363, -0.352274, -0.053859, 0.254383, -0.002908, -0.124247, -0.853804, -0.685682, -0.308607, -0.849927, -0.373428, -0.293298, -0.376059, -0.367718, -0.345612, -0.29623, -0.345852, -0.345407, -0.015121, -0.015121, -0.85203], [0.06734, -0.306237, 0.622698, 0.679236, 0.724787, 0.653627, 0.945973, 0.683562, -0.268714, 0.494243, 0.749171, 0.985629, -0.170364, 0.931909, 0.827593, 0.268968, -0.502713, 0.472316, 0.545303, 0.587608, -0.395362, 0.569848, 0.535555, 0.598509, 0.561527, 0.167303, 0.598737, 0.569109, 0.670859, 0.592931, 0.373076, 0.710744, 0.726739, -0.009883, -0.001025, 0.578074, -0.405711, 0.516172, 0.555332, -0.502512, -0.414307, -0.267045, 1.0, 0.958799, 0.989759, 0.989768, 0.572533, 0.490815, 0.206647, 0.715165, 0.557329, -0.009936, 0.015381, 0.014348, -0.171984, 0.958798, 0.494192, 0.931907, 0.026651, 0.025057, 0.025221, 0.48479, 0.479038, 0.485062, -0.215706, 0.507559, -0.00397, 0.924542, 0.413717, 0.626249, 0.57438, 0.165524, 0.328914, 0.282763, 0.332417, 0.319452, 0.308591, 0.265344, 0.307892, 0.30941, -0.025168, -0.025168, 0.430549], [0.000746, -0.206963, 0.53848, 0.575007, 0.626814, 0.596545, 0.917134, 0.64518, -0.151265, 0.516384, 0.649424, 0.951448, -0.06922, 0.969969, 0.753347, 0.345739, -0.431187, 0.404316, 0.441796, 0.513177, -0.364396, 0.461383, 0.425136, 0.484198, 0.457086, 0.096741, 0.493804, 0.461622, 0.561794, 0.491575, 0.302905, 0.62, 0.639748, -0.009883, -0.001025, 0.543146, -0.412808, 0.40131, 0.445396, -0.433083, -0.344517, -0.14965, 0.958799, 1.0, 0.950727, 0.950754, 0.467877, 0.390124, 0.172757, 0.626364, 0.452296, -0.009936, 0.016208, 0.015632, -0.087867, 1.0, 0.516351, 0.969971, 0.006816, 0.005082, 0.005147, 0.506059, 0.499832, 0.504188, -0.205769, 0.517893, -0.003691, 0.971084, 0.318184, 0.52716, 0.489536, 0.08316, 0.246922, 0.197511, 0.247602, 0.235312, 0.224262, 0.178869, 0.223209, 0.226052, -0.025167, -0.025167, 0.318949], [0.076942, -0.332125, 0.621728, 0.673265, 0.726904, 0.626065, 0.941566, 0.653007, -0.311293, 0.449159, 0.752861, 0.979925, -0.179247, 0.933064, 0.831608, 0.252769, -0.501478, 0.47136, 0.543372, 0.586846, -0.400102, 0.561486, 0.528665, 0.602443, 0.553241, 0.158616, 0.596165, 0.567155, 0.678818, 0.590322, 0.36616, 0.72269, 0.736655, -0.009599, -0.000995, 0.584504, -0.388855, 0.522728, 0.567574, -0.501381, -0.404291, -0.309952, 0.989759, 0.950727, 1.0, 0.999996, 0.588817, 0.498215, 0.222699, 0.72693, 0.570571, -0.00965, 0.015726, 0.014802, -0.174508, 0.950726, 0.449105, 0.933059, 0.003312, 0.001709, 0.001842, 0.487917, 0.482206, 0.488316, -0.234476, 0.461363, -0.003844, 0.926232, 0.430921, 0.639331, 0.559262, 0.190423, 0.318984, 0.268304, 0.321559, 0.309828, 0.294504, 0.251782, 0.29374, 0.29553, -0.024445, -0.024445, 0.453708], [0.076944, -0.332124, 0.621744, 0.673262, 0.726901, 0.626065, 0.941579, 0.653024, -0.311273, 0.44919, 0.752858, 0.979933, -0.179231, 0.933076, 0.831605, 0.252751, -0.501496, 0.47138, 0.543387, 0.586865, -0.4001, 0.561485, 0.528664, 0.60244, 0.5